100	100
14	31	28	20	16	37	19	30	19	27	24	32	39	28	30	21	38	23	24	20	40	26	40	13	38	29	25	17	40	35	20	30	15	32	32	18	38	21	20	37	13	17	20	16	40	25	28	22	26	39	38	22	33	31	24	32	19	39	39	26	21	11	18	24	13	17	18	15	38	35	36	39	17	38	15	16	22	13	29	17	33	33	18	37	25	20	17	11	20	13	18	20	13	17	21	30	38	27	20	27
27	25	33	36	34	31	34	20	31	35	13	34	13	35	17	39	16	13	30	14	22	22	25	39	19	34	36	25	18	26	30	37	19	27	40	34	39	22	26	39	14	11	20	27	38	21	12	24	13	17	18	30	19	13	20	24	33	23	39	32	28	14	40	40	23	11	27	39	35	17	18	35	12	11	35	26	20	25	24	32	39	21	13	40	13	23	13	18	18	18	33	40	21	27	39	14	29	26	31	28
16	17	30	30	27	39	15	33	19	15	33	36	19	32	38	23	27	13	14	21	16	37	40	21	14	25	36	17	37	23	21	36	37	39	29	23	33	38	28	28	20	30	26	39	11	13	35	11	28	32	37	23	30	13	18	23	32	12	12	17	19	36	23	35	11	32	15	19	28	33	11	17	28	31	16	18	24	12	28	25	31	12	29	30	17	26	30	25	23	22	38	30	34	31	21	21	27	31	34	27
17	22	20	34	19	28	23	17	33	37	39	29	24	12	16	22	24	15	31	37	24	32	20	21	32	23	37	22	28	17	31	18	29	28	39	29	27	40	30	12	15	40	38	13	20	40	14	24	39	13	15	40	11	35	21	31	38	15	14	28	20	35	12	36	16	17	21	22	22	25	13	37	39	12	17	13	39	28	23	30	11	33	29	17	15	36	32	15	24	34	19	14	37	11	12	20	30	16	14	13
40	32	38	20	19	14	16	33	19	20	15	25	18	12	40	28	39	24	36	39	21	18	24	30	30	19	30	19	25	13	17	39	16	21	33	18	36	33	33	20	38	30	19	40	28	13	37	13	38	22	18	29	12	35	26	34	15	34	20	18	25	13	12	17	13	30	40	24	17	34	18	16	39	15	31	28	24	32	14	30	16	14	27	24	33	31	12	32	12	25	13	25	35	30	12	32	34	19	29	28
34	20	18	14	39	23	17	13	40	26	31	22	22	36	16	35	16	32	33	14	38	13	40	27	18	14	21	21	22	21	28	25	38	18	21	32	16	23	31	39	12	37	27	12	28	22	28	21	19	16	14	15	29	15	15	11	35	17	13	40	25	30	38	34	37	31	17	26	34	23	36	38	12	12	31	24	12	23	20	15	38	26	17	19	30	17	12	14	22	12	34	32	12	12	38	20	15	17	22	21
26	35	29	40	20	11	18	34	24	33	19	30	39	27	29	24	15	25	37	12	21	29	14	22	34	29	13	33	12	14	18	38	25	37	28	15	33	32	22	22	15	17	38	32	24	17	18	11	18	25	13	23	17	23	34	30	28	29	14	15	28	39	12	36	16	38	30	16	24	17	15	12	23	11	36	37	33	26	19	29	14	37	33	31	33	12	13	38	11	11	12	28	29	33	19	36	24	36	35	31
17	37	13	19	33	20	37	14	24	32	23	38	17	38	12	29	20	32	17	21	13	23	16	14	27	34	30	27	30	18	39	14	22	24	37	11	35	40	29	32	25	27	32	22	21	27	38	26	15	27	25	31	25	27	28	40	14	11	28	19	18	23	26	14	23	28	33	15	27	38	20	30	38	20	21	31	28	37	13	30	21	16	37	18	33	22	11	31	31	37	11	30	12	30	31	20	17	32	35	27
39	29	12	31	11	20	28	26	20	15	11	22	34	21	30	12	12	28	34	25	18	12	36	36	39	33	32	11	26	33	35	32	29	14	15	23	20	38	18	17	26	34	20	29	11	16	36	30	16	31	13	34	17	32	37	38	29	16	16	36	16	24	27	12	17	23	19	22	19	35	33	24	13	26	18	34	28	29	38	33	39	37	33	37	40	33	11	20	12	22	32	29	33	16	26	21	35	38	32	34
29	17	31	34	17	35	13	33	24	15	32	11	14	14	32	21	28	26	17	36	12	28	39	21	25	32	30	13	28	24	18	21	27	32	18	18	11	36	16	38	40	40	40	15	27	14	21	34	23	17	33	33	20	11	34	36	39	22	40	17	39	11	26	33	22	34	34	11	29	30	21	15	25	18	11	40	36	27	29	30	25	32	19	13	27	24	11	23	19	30	18	37	14	22	13	11	40	16	36	26
33	14	21	14	16	36	11	29	22	36	21	20	36	12	30	23	18	29	13	27	20	22	29	15	36	26	15	19	40	20	25	17	29	31	22	38	24	26	19	36	13	36	34	15	25	19	17	24	11	39	24	18	13	17	30	21	15	37	37	15	24	40	40	33	12	20	32	22	24	11	30	33	38	33	36	34	35	24	12	37	28	34	39	27	19	30	13	40	18	27	38	22	32	24	28	16	23	14	35	33
34	29	30	40	21	26	40	13	16	25	26	33	14	28	31	27	30	38	27	27	11	22	11	26	22	37	23	30	28	22	36	34	36	17	31	37	30	33	13	21	38	23	13	25	38	20	33	23	28	13	13	21	24	29	33	27	33	33	33	26	39	31	28	20	35	35	27	12	16	39	35	21	21	19	37	38	12	26	31	39	27	40	20	16	33	29	14	25	38	28	14	35	28	31	40	26	36	37	24	22
30	31	17	21	40	35	39	14	28	26	22	35	24	11	39	14	19	28	15	15	11	29	32	37	39	19	29	35	39	29	33	14	29	25	21	24	13	37	25	32	15	12	15	22	34	39	29	22	21	37	30	29	26	26	31	11	31	25	11	33	16	26	35	39	26	21	34	31	25	30	27	13	25	39	11	24	21	33	17	31	29	17	21	19	25	27	40	20	26	18	34	23	23	19	34	28	31	40	31	30
35	28	29	11	28	40	25	39	37	15	22	31	34	22	25	12	17	38	40	29	17	29	38	12	36	16	38	24	25	29	32	35	17	17	18	15	14	20	14	39	30	40	25	31	12	15	39	37	21	32	21	27	38	14	15	17	36	30	26	38	18	29	18	32	25	17	17	13	28	25	32	40	16	40	12	29	38	37	39	14	30	12	11	25	15	15	29	27	11	22	22	28	21	20	37	27	21	23	31	18
23	19	32	26	29	30	13	35	25	19	28	38	15	36	11	18	19	18	29	24	11	14	15	24	14	20	31	36	12	19	13	23	12	39	23	35	28	15	19	28	33	40	25	30	36	21	18	24	16	19	17	20	12	20	18	27	29	38	26	23	16	29	26	17	21	35	31	39	34	35	11	29	38	30	36	21	12	18	36	36	34	23	21	36	22	34	26	40	27	33	25	17	40	27	18	38	13	19	19	21
20	25	30	11	14	22	14	16	37	16	15	16	15	31	12	33	37	40	36	24	11	31	37	17	12	33	18	13	38	17	38	11	24	39	22	36	39	19	23	37	35	22	20	35	11	31	21	12	27	31	27	35	28	22	30	34	13	24	13	39	13	38	30	21	19	17	12	11	37	24	36	17	29	39	36	39	11	33	28	31	37	17	35	13	22	39	18	26	22	16	15	33	36	22	24	27	40	14	24	17
17	29	34	23	37	19	23	15	15	12	33	15	33	11	18	29	20	22	33	19	25	19	35	12	33	39	15	31	13	39	12	11	31	16	21	20	17	32	28	40	11	26	17	31	18	11	33	25	16	35	12	19	34	28	36	35	21	18	17	32	39	34	30	33	40	32	11	40	18	37	38	37	30	20	29	34	27	12	36	19	28	38	38	23	18	31	19	36	15	34	11	13	20	14	29	32	31	21	18	35
15	38	15	36	36	29	39	19	11	24	27	27	15	33	12	26	33	25	21	35	40	36	12	27	17	13	31	22	19	16	39	35	27	24	20	22	32	21	26	27	32	27	15	39	39	22	29	30	18	14	12	25	39	22	31	13	17	18	21	13	34	13	32	14	19	12	21	34	31	32	30	31	28	38	19	36	19	15	31	13	16	20	12	21	33	38	30	39	16	14	39	21	34	16	38	14	40	19	36	13
33	12	15	38	36	14	31	16	19	36	15	21	22	33	11	15	37	34	25	38	39	25	23	23	39	12	12	17	39	26	11	22	17	18	35	22	33	27	39	21	12	31	14	37	29	38	24	15	21	27	31	38	20	25	34	18	22	40	34	35	23	16	24	12	16	16	20	39	11	23	32	34	28	35	28	11	24	11	22	11	17	26	15	13	39	14	28	38	18	40	24	25	23	34	37	26	23	32	18	25
18	18	40	24	31	26	27	37	13	18	13	12	25	26	12	21	11	27	21	12	16	27	35	12	28	39	27	28	37	31	28	31	24	38	34	17	12	13	37	33	24	40	16	15	37	34	32	40	14	18	35	21	20	30	38	34	19	20	23	25	33	34	25	30	19	19	26	26	31	23	18	13	23	37	27	23	24	18	22	21	19	14	20	27	17	20	34	36	20	12	22	35	23	16	19	19	18	12	33	36
28	27	35	14	25	34	17	15	14	16	22	21	18	32	18	28	12	38	30	35	38	38	22	17	39	12	27	32	11	28	37	11	17	22	22	24	22	15	36	24	34	33	22	18	40	21	31	39	17	18	24	39	12	34	35	15	23	14	20	37	32	29	18	37	20	34	15	27	33	37	25	16	33	27	15	28	20	22	22	27	36	25	16	17	39	12	21	39	33	34	37	12	18	24	30	40	21	12	37	17
21	12	36	34	12	23	24	16	27	21	23	27	11	33	34	34	32	26	18	16	34	21	29	36	16	36	30	12	19	11	25	12	22	25	29	31	21	13	19	33	37	29	17	15	39	13	38	34	24	25	31	21	23	20	12	22	11	35	35	27	40	39	36	34	35	17	25	24	18	15	34	32	21	31	34	23	25	38	39	39	37	16	27	32	18	13	20	26	29	40	14	12	29	28	30	25	21	22	26	29
15	36	13	25	18	39	26	33	34	30	25	21	24	16	14	33	37	21	29	33	31	31	12	31	32	28	29	24	39	23	32	33	38	36	30	39	30	28	28	35	32	29	32	31	23	15	30	20	38	36	31	36	21	31	40	22	30	22	12	25	37	21	14	14	31	37	17	36	34	22	24	14	36	27	29	39	29	36	32	36	38	32	20	38	20	30	40	21	20	28	15	15	13	32	22	36	35	30	27	25
33	26	13	28	33	36	30	22	24	12	18	38	29	24	25	17	28	13	18	18	15	24	17	12	39	36	13	25	15	17	36	27	34	19	35	29	38	18	24	29	32	17	21	32	29	23	11	25	33	17	26	11	25	30	25	21	20	37	26	38	22	37	11	16	25	18	27	40	35	24	39	36	31	19	36	21	16	26	16	22	40	35	26	36	12	19	32	38	29	27	34	37	28	34	11	23	11	32	27	11
37	36	36	37	25	26	40	40	19	31	19	21	11	39	25	24	15	32	23	18	21	13	16	22	22	12	37	21	38	29	35	22	29	34	21	18	37	13	22	24	35	29	11	25	11	15	16	18	27	31	13	18	15	40	33	40	19	30	17	36	37	25	29	40	22	19	34	23	31	19	12	11	26	24	11	25	28	40	14	27	35	18	22	19	26	16	38	33	29	28	19	28	33	40	21	38	35	26	18	17
30	39	26	36	32	24	39	14	22	23	17	23	12	22	26	31	20	18	11	33	32	28	21	22	25	40	11	26	25	18	26	30	17	26	16	31	40	37	23	39	21	30	39	36	12	28	11	34	22	29	14	34	39	12	12	26	16	19	16	15	20	13	37	28	31	15	19	21	19	16	12	15	18	17	36	13	27	24	34	34	36	39	13	27	24	38	16	21	35	15	38	39	18	14	14	26	36	14	36	28
25	32	27	38	40	26	14	40	18	39	11	35	12	21	23	13	40	40	33	25	35	19	19	13	21	14	18	20	21	12	18	18	19	22	15	23	35	14	15	26	34	39	30	34	33	28	38	27	34	38	13	27	39	21	17	22	21	36	37	37	36	22	35	19	18	12	30	23	34	40	27	13	37	22	26	11	23	29	16	16	24	18	22	39	20	20	34	13	16	14	14	16	11	39	25	39	28	24	18	22
28	36	19	36	13	26	29	22	27	29	23	36	30	34	15	27	31	40	12	20	25	34	11	34	19	24	28	11	18	26	11	25	38	29	40	26	22	40	29	20	30	12	39	38	34	36	29	21	40	26	36	27	16	19	12	40	25	22	34	33	13	35	15	35	20	33	30	28	30	32	35	15	30	32	33	16	25	13	18	13	33	36	31	13	36	37	36	15	33	13	23	28	22	18	12	23	35	33	29	18
35	15	28	34	21	28	36	25	31	28	34	34	28	22	25	28	37	34	30	36	18	17	34	21	13	16	11	19	29	32	18	35	35	37	16	36	38	18	39	36	15	28	40	32	20	15	34	14	37	32	31	40	19	33	40	30	35	15	20	22	14	28	37	23	25	16	21	14	34	17	29	34	30	33	40	11	17	26	24	26	34	22	35	40	37	12	15	27	23	15	22	31	30	33	15	20	11	22	12	30
19	23	17	26	29	15	38	31	13	34	17	39	17	13	31	19	38	15	25	27	27	35	30	37	25	17	34	31	23	20	36	36	40	21	14	14	27	24	15	38	24	15	16	38	14	14	19	18	32	23	33	33	18	32	40	31	11	38	35	40	16	33	36	37	12	18	12	32	39	36	16	36	28	11	31	17	40	32	25	25	12	36	14	30	21	40	14	20	34	31	40	39	26	18	19	27	18	11	15	38
21	26	32	32	13	31	35	17	26	38	18	15	12	37	17	23	11	33	17	37	19	38	38	20	33	25	38	35	34	28	23	21	33	13	25	25	16	32	16	25	37	35	40	12	18	35	16	26	15	23	28	14	13	12	39	36	22	17	25	19	13	21	36	13	24	20	32	38	24	34	34	33	26	21	24	24	25	38	25	40	22	37	27	14	37	25	37	31	19	40	16	26	11	13	31	26	36	29	22	40
35	14	19	34	27	17	22	34	11	14	29	19	30	36	40	13	23	39	17	38	11	33	14	17	25	24	28	15	11	15	20	38	26	39	33	32	28	28	33	35	20	35	22	40	28	40	21	11	27	35	31	36	22	38	32	32	37	16	26	35	38	29	28	24	21	18	34	25	21	36	11	17	31	17	13	37	31	38	35	13	34	33	19	32	38	26	32	15	30	34	33	28	34	32	11	18	26	28	27	31
32	14	27	21	39	15	20	40	28	34	39	28	24	30	24	20	34	24	17	20	16	36	37	26	31	27	26	27	18	29	33	40	11	26	27	39	37	18	23	17	38	20	25	14	13	38	22	40	23	16	27	13	34	27	25	24	19	13	12	22	25	26	30	35	15	37	25	29	19	17	32	36	27	23	37	24	19	40	34	38	21	20	13	18	40	21	17	23	34	28	33	36	38	33	22	11	13	11	40	34
13	29	40	25	27	29	22	36	11	25	35	24	21	35	37	22	24	24	26	16	25	37	36	20	26	20	21	31	34	19	39	39	19	32	11	28	39	36	21	40	16	11	13	27	24	20	13	14	25	14	15	20	26	39	21	39	30	22	19	24	30	21	13	19	17	24	40	21	25	40	21	37	30	28	15	13	22	17	15	34	21	39	20	20	17	39	27	18	32	26	21	11	18	22	37	24	37	27	34	19
35	35	13	15	25	36	38	38	40	27	11	34	12	35	22	29	19	36	16	25	14	14	18	22	15	21	24	34	19	13	40	15	11	14	35	26	28	25	34	19	37	28	23	22	22	34	32	14	16	21	12	21	34	28	21	30	35	38	21	19	17	39	33	26	24	20	14	32	16	40	12	35	38	28	29	40	28	29	14	33	37	27	36	26	25	32	16	36	32	12	28	37	21	21	37	17	20	33	15	35
31	16	39	34	19	32	23	24	35	28	22	13	36	11	18	22	32	14	24	30	28	24	27	20	28	30	12	33	21	24	28	31	22	11	29	12	29	39	35	14	16	38	14	39	27	25	13	17	24	19	21	37	35	25	11	25	30	26	40	35	39	28	14	26	33	40	33	26	11	15	37	39	33	22	25	23	36	30	24	30	27	32	16	38	36	20	33	18	26	21	23	26	18	18	29	11	12	21	27	29
30	39	36	28	38	12	32	37	23	18	17	17	21	31	32	15	12	21	20	30	39	40	39	15	18	27	13	28	37	38	32	29	27	34	20	36	40	35	26	27	39	36	28	17	20	19	19	20	26	32	22	39	23	38	38	27	17	32	14	29	24	31	40	14	25	28	33	35	24	27	17	18	33	38	13	21	38	31	16	25	23	37	24	23	32	11	16	36	27	31	34	11	21	36	12	19	35	16	20	32
22	17	20	26	22	16	15	11	31	24	29	26	27	14	35	11	17	35	14	15	33	11	27	24	35	14	34	39	23	13	15	29	39	32	19	26	21	23	37	37	38	18	20	13	22	12	22	16	17	12	36	11	34	25	28	33	30	13	21	16	28	28	30	12	12	18	38	29	16	34	20	29	26	17	29	30	36	29	39	38	36	25	22	17	27	37	36	34	12	21	19	30	31	35	40	16	38	36	30	19
12	15	40	14	13	28	39	14	32	22	21	33	33	32	23	11	19	27	34	34	27	36	20	38	37	22	40	33	15	26	20	40	40	36	32	39	12	11	22	26	27	20	40	37	18	27	17	22	39	31	36	20	38	35	26	14	28	32	31	21	23	39	26	22	24	40	20	11	24	23	38	40	31	15	36	30	27	31	24	35	23	12	32	36	19	17	26	40	15	24	13	34	36	11	19	21	35	30	37	28
31	31	23	28	22	38	28	14	39	37	13	21	40	31	18	31	22	40	33	23	37	36	16	18	26	26	22	17	37	32	20	30	17	31	17	24	19	24	14	36	38	18	38	19	23	39	30	40	12	36	34	35	14	19	19	32	20	25	40	34	40	17	18	14	24	30	14	30	29	30	25	36	20	18	11	33	23	19	21	16	37	28	25	32	37	28	16	28	13	40	15	34	33	27	13	15	38	13	21	31
28	15	17	22	24	12	24	34	26	27	21	38	19	30	34	24	40	36	19	25	19	34	35	40	20	36	13	12	40	15	27	25	23	28	34	14	40	25	29	31	38	30	13	12	28	26	31	25	35	35	20	14	24	16	14	25	25	18	20	24	31	27	16	18	15	37	35	24	12	33	12	21	16	22	14	27	40	13	26	33	16	33	13	22	26	13	29	16	14	23	32	14	17	29	26	40	16	27	14	28
16	18	15	28	11	33	38	14	27	34	32	19	39	39	31	16	12	13	18	16	13	12	30	12	11	30	35	11	16	39	33	38	29	12	25	27	36	33	32	12	19	16	34	37	37	34	11	27	34	12	18	27	23	38	17	30	13	36	16	16	37	39	22	16	38	35	27	38	26	34	37	13	28	22	23	22	40	24	18	36	13	29	25	16	21	24	19	38	12	32	12	22	17	35	29	23	11	18	35	36
30	17	39	14	16	26	22	15	35	13	40	21	40	15	38	30	21	28	37	34	35	24	11	28	33	17	12	33	36	16	15	23	26	31	18	15	38	40	24	40	22	17	18	24	34	24	34	24	25	13	37	16	39	11	32	25	23	22	18	40	25	37	11	25	14	11	40	18	34	27	23	22	36	13	13	30	19	36	30	40	11	32	37	40	34	19	28	14	39	29	29	18	35	32	17	26	33	18	25	38
25	40	13	38	24	35	35	22	27	23	30	37	28	32	39	20	17	19	17	12	12	26	29	23	14	16	30	29	30	13	36	21	31	27	40	11	40	25	15	27	13	22	29	36	33	13	31	21	15	19	13	18	18	38	18	34	19	16	16	35	27	29	25	28	40	29	19	24	29	27	15	33	30	25	28	27	37	11	21	34	20	35	37	33	31	13	38	38	17	14	22	30	32	35	14	36	14	36	31	35
32	23	21	35	35	24	38	13	18	19	16	37	40	15	21	20	23	19	20	18	30	38	24	13	19	21	12	20	30	36	16	15	34	15	27	15	16	34	12	32	20	32	37	19	29	22	17	20	18	22	30	40	39	29	30	37	33	23	37	25	29	12	11	34	36	38	21	30	14	21	15	35	32	27	21	33	23	26	32	28	25	31	15	24	23	27	26	35	30	30	18	19	18	20	31	31	25	36	38	35
24	12	20	26	28	27	28	28	18	32	12	13	26	19	28	20	36	27	25	15	39	39	20	15	13	25	38	22	27	16	37	11	13	34	14	13	40	13	22	26	15	40	30	14	40	33	37	11	31	20	20	17	25	34	38	37	40	22	21	34	18	23	28	26	13	21	39	37	23	16	31	36	28	21	20	33	39	34	40	14	34	32	28	36	27	33	29	16	18	13	18	29	35	37	37	28	38	17	27	20
29	38	38	40	36	11	26	27	21	26	40	17	16	29	30	39	36	18	17	33	11	15	13	39	32	13	12	15	25	17	26	13	34	18	36	22	25	29	12	36	28	40	14	18	32	15	13	38	28	38	29	27	39	11	11	34	22	35	23	23	33	29	17	34	27	37	30	16	33	26	21	21	28	15	40	31	17	32	30	18	23	11	27	27	19	16	36	29	17	18	31	38	38	36	13	24	37	18	34	22
39	17	16	24	29	21	38	28	32	19	29	40	30	18	15	35	31	28	22	18	30	34	13	20	34	25	15	37	27	11	36	40	19	40	38	34	14	15	24	31	14	38	22	21	36	20	18	40	33	18	23	20	39	31	14	38	26	40	11	29	29	38	36	36	12	34	34	34	38	25	33	23	23	23	37	33	15	40	40	32	13	30	40	39	38	17	34	24	29	15	21	17	18	23	20	12	18	35	19	25
18	16	18	30	28	13	22	21	18	38	12	17	18	33	20	37	11	37	11	38	28	40	38	26	29	31	19	29	32	20	27	11	12	20	24	29	30	25	40	40	23	27	34	11	13	17	13	28	13	16	19	40	39	32	29	22	27	11	16	34	17	35	24	33	28	36	28	14	16	18	19	15	36	16	30	13	25	14	27	13	16	22	32	38	12	34	25	13	33	25	12	33	25	29	26	16	26	13	15	18
12	15	34	21	12	35	35	11	13	33	11	32	14	25	29	33	15	11	34	11	22	13	38	21	38	16	39	37	20	16	26	15	32	37	28	11	33	37	11	31	20	13	15	35	16	30	18	40	38	19	38	23	31	18	37	30	26	31	34	34	15	33	14	36	38	37	39	23	39	20	12	32	28	18	38	40	16	15	24	30	11	34	17	30	21	17	17	31	33	36	28	29	21	32	18	12	17	39	13	14
14	24	34	15	35	39	40	40	23	19	24	30	14	24	22	15	28	32	23	18	24	30	24	23	13	20	17	31	15	26	18	22	11	38	18	38	26	12	24	38	28	17	17	14	32	20	31	30	29	22	14	38	26	37	31	15	14	31	14	37	21	25	22	40	24	40	23	36	27	39	21	27	14	27	25	19	24	22	37	25	15	32	26	25	11	23	14	40	37	38	26	30	21	18	17	23	13	37	23	32
17	31	18	21	28	14	14	31	14	38	11	13	40	36	11	21	15	15	13	12	23	36	11	16	32	24	14	37	35	29	19	29	16	29	23	35	34	33	36	16	24	23	19	33	30	16	19	40	22	30	13	15	38	18	28	33	23	22	22	12	38	30	40	32	12	36	31	15	40	28	39	25	27	28	17	37	34	35	25	17	32	17	24	14	27	22	39	38	30	32	15	36	33	29	16	33	35	27	19	11
21	40	26	35	13	15	33	30	32	28	38	25	12	33	23	12	35	21	11	29	32	34	32	32	18	15	31	39	15	27	20	31	16	15	27	39	37	34	32	40	27	38	17	22	16	17	31	20	32	15	11	34	38	19	18	34	18	21	25	30	15	19	25	30	23	22	27	37	17	40	29	33	23	32	33	19	28	17	26	21	22	22	35	14	39	27	40	31	31	31	18	24	19	30	36	22	14	18	20	29
40	26	22	24	19	28	31	35	22	22	30	17	34	19	37	29	22	38	33	26	13	35	30	19	33	24	23	37	24	22	11	26	33	23	39	31	17	15	39	32	11	39	22	18	27	16	37	39	11	21	32	33	18	12	39	19	19	19	23	11	30	33	27	12	29	33	19	22	20	38	33	35	22	14	34	15	29	14	39	16	27	34	29	28	21	24	17	35	11	16	15	15	14	26	26	30	18	17	14	11
37	31	23	13	22	38	24	33	18	19	18	36	36	37	28	17	12	37	28	24	33	15	16	16	30	35	18	39	22	11	22	17	20	20	13	23	33	31	15	25	11	19	14	18	17	17	29	36	30	40	25	38	17	13	12	27	14	13	32	39	24	36	34	16	26	15	40	16	23	33	40	35	17	31	16	11	34	40	39	24	15	36	23	17	37	20	22	20	36	29	18	32	14	37	25	27	39	36	13	19
37	14	25	14	34	37	20	29	32	11	40	29	15	28	37	15	13	13	12	13	23	13	15	24	12	37	11	29	25	18	15	13	38	40	26	30	16	31	23	25	21	15	25	21	20	11	29	20	20	33	20	36	35	40	40	36	33	20	30	11	20	29	29	35	16	37	24	19	15	30	27	36	28	28	26	37	30	20	33	14	18	35	38	17	38	31	23	11	31	25	15	32	27	30	40	17	36	29	33	17
35	35	28	17	15	25	13	40	15	13	23	13	19	35	31	36	24	20	11	30	34	26	29	14	12	30	15	33	15	26	27	14	15	39	19	27	37	21	25	22	33	33	14	25	17	12	16	17	36	18	30	39	12	17	25	27	17	19	22	21	12	28	22	16	23	28	18	29	39	15	34	33	22	26	11	29	21	21	28	12	15	26	19	22	30	40	29	20	17	12	12	12	38	27	24	23	37	30	24	34
40	12	26	34	23	12	15	21	18	35	33	23	31	18	38	31	17	17	15	22	37	18	30	32	13	14	18	39	18	40	28	29	14	23	17	15	22	36	38	40	33	32	37	38	19	38	27	30	12	20	20	24	16	31	12	37	32	15	35	13	23	15	33	37	37	26	16	37	12	36	33	24	13	18	15	27	28	38	38	27	35	29	37	11	11	38	33	31	14	26	34	12	40	15	33	22	36	32	30	38
29	40	11	26	34	15	33	35	19	16	38	25	38	36	40	37	26	39	32	24	29	26	17	28	25	38	11	39	29	12	27	37	35	38	23	28	21	33	37	19	14	14	21	11	20	35	30	32	34	22	36	23	40	18	11	23	33	39	28	13	21	15	21	18	15	11	33	36	12	22	25	18	33	22	31	20	27	15	12	33	12	28	16	11	19	40	24	28	32	14	29	34	26	14	19	33	32	14	23	18
31	20	14	38	23	17	14	36	14	24	15	19	11	23	15	16	30	37	21	23	12	23	23	15	35	25	35	21	26	19	35	25	20	29	15	34	21	24	35	40	22	32	28	32	13	34	35	32	33	18	16	23	29	26	24	13	35	40	11	32	38	31	19	11	38	19	40	26	29	11	26	20	11	12	19	23	17	34	39	13	15	28	16	35	28	33	14	19	14	17	20	32	19	12	18	31	37	12	16	38
32	26	26	16	28	20	29	38	12	25	36	14	12	33	21	30	26	18	14	37	29	21	27	33	22	11	13	14	39	14	33	36	31	18	17	27	40	30	36	21	25	40	18	11	34	27	12	29	35	22	39	22	18	25	24	36	11	31	34	34	38	32	22	15	38	23	28	24	27	19	34	17	36	22	25	26	22	29	23	25	23	12	21	37	12	33	20	19	23	36	18	39	18	24	24	13	38	11	21	27
15	24	25	14	18	32	23	36	15	34	25	16	25	16	31	32	39	35	23	16	33	19	35	13	16	16	33	36	37	17	17	35	13	15	34	25	11	31	29	22	38	40	24	29	12	13	27	16	35	25	39	28	12	21	18	37	12	29	20	31	17	17	29	40	15	35	17	35	11	23	39	13	22	36	40	16	14	38	19	23	31	23	13	36	29	26	30	29	35	30	16	20	14	33	23	34	30	38	36	31
21	40	21	11	19	38	37	33	19	38	15	13	29	26	36	39	34	12	31	35	17	21	17	20	39	38	16	18	25	13	17	23	25	37	32	37	12	12	33	11	16	24	13	16	30	40	28	20	35	32	35	14	35	11	39	28	39	29	23	14	29	17	33	21	35	40	30	35	37	28	32	23	13	23	13	37	40	14	26	16	39	34	19	21	39	21	13	33	34	19	26	38	32	29	32	28	36	25	15	16
19	22	32	34	37	13	29	23	27	29	40	40	15	24	25	31	22	20	23	27	25	36	28	19	35	21	18	25	26	31	37	15	16	24	32	12	14	20	19	34	14	20	23	12	34	26	25	19	14	21	28	40	11	39	16	35	40	40	39	16	27	30	23	28	17	40	13	28	15	36	23	11	38	19	15	33	36	23	31	24	27	20	26	20	26	15	40	19	33	30	23	14	31	21	33	36	14	39	31	26
16	40	29	22	18	21	19	14	22	27	34	32	20	31	28	34	34	24	14	34	12	13	30	32	31	25	24	30	12	33	12	11	21	36	40	34	27	37	13	34	30	30	22	28	21	17	35	15	21	14	22	16	16	22	13	27	40	35	35	13	22	22	26	19	31	36	34	15	12	20	38	30	40	21	21	21	15	20	40	29	24	17	29	32	20	19	36	17	36	39	36	37	11	24	28	24	17	19	24	39
14	21	30	30	20	12	27	19	33	13	27	17	38	18	24	35	32	39	29	29	26	34	27	22	34	26	22	40	13	38	37	17	14	35	14	35	34	32	23	18	31	29	12	23	16	12	39	20	31	35	22	20	14	31	32	34	19	38	14	11	14	33	32	30	17	38	17	27	15	39	12	33	29	15	22	22	20	39	12	17	17	31	29	35	34	16	32	24	37	13	15	29	30	40	37	33	15	40	20	37
19	14	26	39	17	30	20	30	35	23	26	13	27	32	34	27	19	30	26	34	32	29	30	24	35	18	35	40	24	11	30	26	28	14	27	26	12	30	26	34	22	34	29	24	19	36	21	19	20	14	35	22	32	20	16	16	19	34	23	35	22	32	31	17	11	15	20	19	39	26	17	38	18	18	38	21	39	13	14	25	25	17	39	35	36	33	13	35	15	19	18	31	16	31	24	35	34	16	40	31
33	17	20	23	22	24	28	25	37	20	19	19	31	14	24	12	14	15	32	28	28	35	21	17	37	25	22	36	26	19	38	38	31	11	23	36	36	36	12	17	13	26	14	37	23	28	37	11	13	19	15	39	30	36	15	25	21	35	15	32	37	40	20	14	28	20	37	25	29	20	20	36	16	32	34	24	37	17	24	32	30	11	34	34	14	23	21	39	38	16	13	37	34	33	17	17	16	37	31	36
11	22	17	16	27	33	35	12	36	22	39	39	35	24	36	40	28	27	12	37	14	26	32	22	39	28	22	22	32	21	23	30	33	20	32	39	28	24	37	38	30	21	14	15	40	34	34	11	20	25	19	39	29	14	39	20	25	19	13	24	30	13	30	21	28	27	35	15	28	37	18	40	14	25	14	26	18	31	18	20	27	35	39	12	18	22	29	13	33	15	38	26	36	27	18	32	12	30	22	31
22	19	35	26	12	37	21	28	21	21	34	26	37	23	26	25	27	36	15	35	23	24	12	13	30	38	18	19	39	38	23	15	35	21	29	36	27	13	13	17	23	15	23	29	39	16	25	34	39	39	11	18	36	11	32	39	24	35	17	38	20	34	30	18	31	18	37	33	40	25	26	17	17	32	14	17	39	40	35	21	39	26	20	14	38	17	28	19	31	11	16	30	19	36	12	18	21	25	39	39
32	32	20	16	28	39	14	16	24	20	15	35	35	16	37	22	33	32	38	14	21	34	26	25	18	17	19	40	11	34	19	15	15	21	13	12	33	25	21	18	37	36	14	34	30	25	27	38	18	20	40	28	36	21	37	30	13	17	14	30	23	13	35	24	34	37	16	28	11	30	17	28	14	20	14	23	38	39	28	35	14	16	27	20	24	37	28	29	22	15	18	33	25	30	29	16	28	27	36	31
22	12	19	23	23	33	28	22	16	23	23	24	37	20	34	15	33	25	16	15	34	25	32	23	26	29	31	23	38	19	28	21	28	40	25	16	23	11	18	20	16	19	34	26	20	20	34	36	20	34	31	13	22	12	32	37	26	30	27	40	13	29	28	29	37	20	12	17	11	14	37	17	22	13	13	32	39	40	18	25	21	16	17	16	25	18	20	28	40	28	18	27	18	28	12	28	37	17	38	27
24	20	13	21	25	17	30	18	33	40	22	29	34	19	20	12	26	15	38	33	28	18	17	27	17	35	16	11	26	39	26	14	26	23	15	23	22	15	22	30	27	17	14	31	35	11	16	15	15	32	26	24	11	33	13	18	20	39	25	37	38	37	30	21	24	14	27	18	20	16	15	36	26	40	30	12	27	11	23	19	31	27	20	27	12	38	17	21	20	39	29	18	20	13	32	38	32	14	18	29
29	38	35	14	28	19	36	33	31	13	30	40	38	36	25	14	37	30	14	40	39	19	39	35	32	30	36	24	27	20	25	21	40	27	28	39	22	21	39	19	11	21	29	32	23	12	12	34	21	26	36	31	29	29	29	27	11	18	27	19	37	22	29	15	18	13	23	36	11	14	17	24	36	24	33	35	26	11	24	22	16	31	11	18	17	17	21	18	29	15	38	27	27	13	35	30	18	24	18	27
23	17	14	32	15	24	32	13	17	36	40	30	12	25	34	39	16	12	12	23	18	27	14	24	33	15	22	28	40	28	27	17	35	26	30	17	39	20	12	21	35	20	19	23	31	23	23	33	39	39	40	34	29	21	40	14	31	35	32	28	20	31	23	22	31	37	32	18	19	31	16	37	16	37	27	20	27	14	40	27	18	28	18	25	37	23	27	35	17	17	12	28	29	21	30	26	39	22	29	11
20	38	12	25	32	36	21	15	21	36	13	32	13	13	28	31	22	36	33	14	23	33	11	16	20	27	38	27	14	39	18	20	40	17	19	23	23	39	12	17	11	13	38	25	33	35	30	15	33	30	20	36	17	12	23	27	30	27	40	11	15	34	29	25	11	25	16	14	40	16	18	34	12	32	28	25	11	37	23	11	23	22	31	14	29	32	35	26	16	14	39	29	11	30	15	27	39	17	20	24
19	33	27	14	29	36	31	14	35	14	20	38	35	11	12	36	29	28	19	18	13	28	37	35	18	11	21	31	35	24	13	14	34	21	38	16	34	34	13	35	24	12	18	13	30	38	29	19	38	23	40	15	27	13	28	26	30	34	29	24	19	35	39	30	30	12	31	36	27	26	25	23	22	29	16	23	19	31	32	35	17	37	20	34	31	35	24	39	29	25	35	14	35	20	16	18	31	25	20	17
20	40	29	25	35	12	30	30	22	21	17	29	25	19	28	37	28	32	22	24	24	20	36	23	11	11	21	12	35	18	16	11	33	13	26	27	40	39	12	31	13	35	21	39	23	25	16	29	13	40	25	30	22	18	11	26	28	37	28	27	26	20	39	27	25	31	26	38	25	25	11	32	30	34	23	17	40	26	39	13	40	39	39	30	31	19	22	13	21	27	26	12	28	29	29	33	32	34	25	16
33	12	13	36	31	30	18	18	40	27	15	22	25	40	19	29	19	27	23	12	31	29	34	32	37	19	28	17	17	29	35	37	17	37	20	20	12	39	13	36	15	19	18	28	35	31	26	13	14	31	12	39	32	12	37	34	35	21	25	22	28	15	20	24	18	40	36	26	12	31	40	19	18	17	17	32	13	15	23	12	13	27	19	19	30	24	30	20	22	34	23	35	11	33	37	40	25	17	20	20
40	20	16	32	27	34	39	30	11	32	22	23	23	25	33	25	33	40	26	28	11	17	14	13	40	15	29	15	25	28	25	26	12	32	31	34	32	38	15	14	37	38	12	15	33	24	20	13	27	24	13	16	26	36	29	37	27	29	35	14	35	32	31	17	23	30	36	21	18	28	32	33	19	29	25	26	33	40	34	19	29	38	14	22	34	14	30	24	31	32	36	16	16	11	38	26	11	20	17	27
29	22	20	28	16	39	21	38	23	26	15	17	25	22	20	14	38	29	17	17	18	23	22	34	22	34	21	23	26	26	34	12	37	39	21	32	13	34	16	39	24	24	27	22	23	18	24	32	37	38	18	16	15	19	35	23	21	35	19	25	34	12	31	16	22	23	19	18	16	23	36	23	19	25	25	20	34	21	32	35	32	20	29	38	20	11	30	35	17	15	21	14	38	16	17	35	15	40	21	13
31	28	13	34	26	18	20	38	27	39	30	20	26	17	38	38	37	35	22	28	34	22	32	11	28	11	12	17	18	26	19	30	19	32	17	40	12	34	11	34	18	32	22	32	12	23	23	12	18	26	22	25	22	19	12	40	24	21	39	25	24	37	16	15	33	11	38	15	34	20	26	13	22	16	37	14	24	22	33	11	40	25	11	31	25	26	26	32	23	30	14	19	40	11	31	36	27	15	27	26
35	39	40	28	26	15	40	23	15	25	30	21	24	33	22	11	39	13	31	13	16	37	38	22	15	17	21	34	14	15	31	18	13	28	27	40	13	37	24	37	35	24	36	13	15	23	29	39	30	40	27	23	24	31	18	32	37	38	33	16	22	19	15	28	14	22	19	23	39	25	23	33	34	17	11	19	14	18	33	39	19	32	17	33	15	35	37	21	21	24	11	13	37	26	15	34	15	31	29	26
17	12	22	19	25	39	11	32	25	12	23	14	15	20	11	35	21	12	20	20	12	11	18	35	28	21	31	31	40	30	18	19	29	37	30	34	11	38	31	23	15	39	25	26	19	14	16	28	29	18	16	14	30	20	37	22	22	27	12	23	27	13	23	35	35	15	40	40	29	21	24	24	22	36	39	11	18	16	36	17	26	36	32	32	31	19	34	19	15	36	18	12	16	20	37	15	18	33	28	25
30	37	31	36	17	28	18	19	39	34	29	23	31	30	16	30	14	17	37	32	17	30	23	17	35	37	33	13	33	11	37	36	11	19	16	17	25	30	34	26	12	21	20	15	35	11	38	35	13	20	16	18	31	36	16	39	36	19	38	29	11	19	28	11	19	18	15	30	30	15	15	28	21	33	32	13	24	30	24	14	22	34	21	14	40	27	23	12	37	29	39	19	22	19	16	16	29	14	27	26
18	37	14	36	37	17	29	24	14	22	17	16	18	39	37	28	12	23	29	16	26	17	17	35	14	22	11	28	15	15	30	23	30	11	16	12	12	11	13	21	38	32	38	34	32	20	28	19	27	27	20	40	39	16	25	16	25	34	17	13	17	30	15	17	18	19	40	19	15	22	40	34	33	18	13	17	39	26	31	16	29	20	15	31	25	30	37	35	15	14	19	20	22	23	31	37	25	40	11	25
19	23	28	16	24	13	29	28	40	31	35	24	32	38	26	14	27	30	11	27	39	24	37	13	39	26	17	19	32	34	32	36	29	14	19	23	15	39	40	19	20	19	40	22	19	20	39	40	14	31	32	15	31	26	17	16	26	38	36	22	24	24	33	32	33	29	19	23	14	20	33	32	15	33	25	40	38	37	39	38	24	37	13	28	16	21	40	28	21	15	27	15	19	33	14	12	40	11	20	25
39	24	28	19	20	28	17	23	38	20	23	26	40	28	12	25	30	22	19	36	31	28	19	17	31	38	35	18	32	32	20	28	11	30	13	32	29	25	34	38	36	21	23	40	39	24	27	13	18	37	20	16	16	20	27	15	13	20	11	36	36	36	27	20	26	17	37	14	19	24	35	20	34	39	35	34	14	19	23	27	22	18	32	32	17	13	27	17	34	25	34	39	22	15	22	29	15	40	11	30
38	20	16	31	25	34	36	33	17	23	11	17	14	24	30	36	30	29	23	26	24	32	30	31	37	18	14	40	23	33	38	14	35	25	31	38	33	14	28	22	27	26	36	27	35	15	12	30	19	23	39	18	20	16	31	40	24	18	38	14	20	34	17	39	22	35	11	32	23	17	18	20	14	12	21	25	38	17	20	12	18	19	33	18	12	25	11	19	26	29	28	30	29	12	22	19	38	38	36	24
18	14	17	32	12	13	15	38	36	20	29	29	39	32	26	20	15	31	36	14	25	19	26	18	32	35	34	25	36	15	32	25	17	29	27	34	24	13	27	33	35	12	26	24	29	33	40	36	21	37	12	31	35	21	25	17	32	36	29	30	35	29	36	11	11	26	31	14	20	13	15	35	27	30	32	17	22	12	30	17	28	31	36	37	38	37	37	27	24	18	13	22	12	40	25	24	22	17	24	35
19	16	12	15	21	22	25	34	17	13	22	38	35	20	37	16	35	18	37	14	40	29	18	21	21	36	20	18	37	25	38	29	11	37	16	25	19	27	23	36	25	21	31	24	31	40	29	14	23	35	23	36	13	18	35	17	26	28	16	33	30	13	22	13	32	11	12	15	11	35	12	33	34	31	34	26	16	21	37	31	37	27	16	26	12	17	22	38	26	12	38	14	18	26	18	25	15	35	24	33
15	26	22	35	14	19	26	16	28	31	37	30	34	12	19	11	11	15	35	22	31	18	24	18	19	27	30	33	13	14	11	22	32	30	34	25	21	38	17	34	16	29	16	38	14	12	35	13	17	16	33	36	12	26	39	17	18	12	31	37	19	14	37	28	37	38	13	29	19	30	38	13	21	27	24	31	38	31	38	36	18	22	20	28	19	33	29	25	33	14	33	27	17	40	32	28	31	26	32	21
40	16	18	31	20	11	12	12	35	20	31	38	18	39	29	25	13	36	22	38	34	30	35	16	33	12	39	30	23	39	22	30	23	31	34	32	30	26	31	35	23	30	31	34	40	37	11	26	12	38	11	26	28	16	40	37	17	11	12	37	25	40	38	36	40	22	17	18	26	37	40	37	40	20	12	28	36	17	15	25	38	28	23	20	19	40	24	31	35	32	22	35	29	11	14	12	17	32	38	39
14	36	19	15	37	11	13	28	37	37	13	26	26	22	39	32	40	22	40	21	18	38	25	16	30	11	12	17	29	39	37	38	31	21	15	23	37	14	19	34	23	33	35	31	35	24	37	24	31	28	23	19	15	33	29	22	19	34	40	27	19	15	35	28	33	27	27	11	38	33	12	27	19	19	14	19	27	14	27	21	34	38	38	12	23	12	20	33	16	11	30	29	38	28	32	30	34	12	11	20
15	29	26	24	18	18	37	30	21	20	23	22	31	33	39	28	23	32	40	17	11	23	31	23	39	32	21	21	36	40	37	25	11	25	38	34	36	25	13	35	32	18	18	32	32	33	32	29	34	13	15	22	31	13	14	27	37	22	20	36	27	30	35	18	15	38	27	24	24	37	32	13	12	40	20	20	29	22	29	20	11	25	33	19	35	11	17	33	40	39	28	22	30	29	20	23	31	19	40	40
21	25	23	13	36	25	12	36	17	15	26	12	27	30	13	27	32	16	19	31	24	35	22	27	15	36	28	16	28	37	15	14	16	16	30	26	34	17	32	29	32	12	33	24	19	23	21	16	32	24	34	20	30	39	17	12	31	28	31	40	20	25	26	35	37	29	12	27	32	13	14	17	37	18	33	33	26	25	17	25	33	37	20	34	11	28	33	34	28	19	24	25	32	36	20	16	17	33	14	14
32	39	26	20	18	18	20	27	21	32	11	31	18	11	18	32	20	14	22	27	17	19	40	11	16	40	25	13	23	32	29	30	21	27	34	16	34	33	27	22	33	12	17	14	15	40	17	23	15	31	11	18	22	15	35	20	14	24	34	23	16	20	20	30	18	40	20	15	13	21	28	22	22	28	28	38	33	32	22	35	27	25	28	27	20	17	27	20	13	33	39	38	36	11	13	14	39	11	15	15
18	37	38	32	16	27	38	17	24	36	19	27	29	38	15	30	30	36	31	29	12	14	17	28	14	37	32	27	15	14	26	14	38	29	18	31	32	23	30	14	29	20	31	30	28	22	29	36	32	13	27	12	26	35	34	33	25	37	21	21	26	24	26	15	40	36	37	23	32	25	13	32	39	38	21	11	27	26	34	11	26	32	15	38	15	37	24	32	33	11	32	38	20	21	35	22	37	28	15	31
22	28	29	14	30	16	31	25	16	18	24	20	24	18	26	26	28	30	17	29	33	20	13	36	38	40	31	20	23	16	39	24	31	20	21	12	11	29	27	34	18	38	37	24	27	28	11	34	16	15	27	23	16	28	13	22	36	35	34	14	38	35	11	18	15	17	15	16	26	19	17	26	18	35	16	27	34	20	14	36	13	38	27	36	23	33	35	19	18	23	39	39	39	18	15	34	19	16	29	29
13	19	18	36	11	36	36	38	40	30	39	33	32	34	16	29	35	27	37	34	28	14	30	36	14	20	24	40	25	19	14	19	26	20	21	19	15	21	30	19	37	27	38	15	17	30	34	22	24	37	20	19	24	28	21	22	30	30	40	40	36	36	35	33	27	16	24	18	36	15	26	13	20	35	17	18	31	38	11	29	23	30	30	31	27	35	22	36	31	20	27	20	15	24	36	17	19	11	33	22
39	96	47	81	21	75	84	2	1	18	44	38	55	37	20	25	13	70	58	19	28	99	3	17	88	46	41	7	53	6	45	86	16	56	71	89	51	8	29	80	42	27	40	9	26	24	59	11	43	22	79	62	76	77	68	35	63	14	94	66	97	64	69	74	33	73	32	15	78	90	65	23	50	91	92	93	87	57	4	52	54	83	72	34	95	85	10	98	49	36	5	82	12	31	67	30	61	60	100	48
11	61	33	2	85	53	41	28	77	10	83	72	26	47	27	93	73	65	76	31	18	81	42	39	90	15	29	24	5	79	64	57	60	13	23	22	25	32	49	86	52	84	43	3	1	14	88	55	12	92	67	69	66	75	6	38	50	91	4	17	30	62	97	8	51	16	7	46	99	68	58	45	9	70	80	74	94	37	54	56	89	98	82	71	44	96	19	87	21	100	34	40	48	35	36	63	20	78	95	59
90	3	14	92	98	55	72	91	50	40	32	69	19	100	2	70	18	73	15	95	5	29	58	61	47	30	28	35	76	1	78	41	62	21	99	89	63	81	38	87	51	33	93	53	96	8	4	83	27	75	37	66	9	88	23	17	67	10	60	57	80	13	7	64	24	39	97	77	43	31	48	85	49	84	22	26	59	74	45	79	86	94	68	52	12	36	34	82	11	46	25	65	54	56	71	16	20	6	42	44
85	4	74	27	49	32	30	6	29	10	1	48	80	90	82	66	31	58	91	7	62	73	100	35	52	37	83	21	14	63	8	60	16	72	87	81	95	44	70	34	46	19	94	51	89	23	56	59	39	69	25	22	93	3	5	18	98	20	99	92	17	50	42	86	40	64	11	12	13	53	15	57	97	9	88	79	96	54	75	47	68	28	43	45	77	67	36	26	55	65	2	71	78	33	24	76	38	61	41	84
14	40	46	26	1	17	27	79	41	6	73	18	44	50	88	78	8	84	99	74	55	81	45	43	10	37	93	5	76	19	29	56	12	28	61	52	21	16	59	91	69	30	64	2	77	89	23	67	86	85	33	25	11	38	34	9	57	72	22	13	47	62	53	68	63	51	32	42	60	7	20	66	80	92	39	95	75	97	83	49	48	82	98	24	94	31	35	96	3	87	70	90	71	54	100	58	4	15	36	65
37	18	29	90	15	5	32	50	46	61	65	78	94	30	14	59	89	75	49	3	52	66	82	47	99	9	33	91	100	73	2	56	97	74	44	93	22	64	45	20	40	35	28	57	67	80	81	76	68	55	58	34	88	36	87	72	83	95	19	96	12	42	53	48	7	84	63	38	10	71	41	6	86	26	23	1	79	43	16	24	54	11	69	98	17	70	27	25	51	31	62	60	4	39	13	85	77	21	8	92
93	1	6	33	15	82	87	47	29	7	79	89	48	81	91	19	88	65	17	27	32	95	26	35	55	28	10	90	41	24	84	8	39	22	68	50	46	20	58	59	13	60	38	16	45	40	96	30	37	56	85	4	57	54	86	23	64	92	70	69	34	31	52	73	97	63	21	49	5	71	25	94	43	83	74	77	3	98	78	62	12	51	14	80	99	72	53	36	2	18	76	42	67	44	61	9	100	66	75	11
38	77	16	42	53	34	93	31	59	5	63	10	98	50	90	20	22	1	88	87	91	85	83	4	72	56	44	29	58	36	62	54	75	81	71	21	25	23	57	95	100	80	14	17	9	2	67	70	94	48	97	45	76	12	82	74	41	68	15	26	39	99	24	64	6	89	18	37	86	84	52	8	96	28	51	3	78	7	73	60	30	40	69	46	66	92	13	49	35	27	47	19	33	79	11	65	43	32	61	55
85	61	21	34	11	88	80	99	86	77	74	3	84	56	82	57	33	71	23	51	87	98	39	91	31	70	36	54	76	26	47	69	4	6	13	46	9	35	94	48	12	96	17	37	18	72	19	22	40	66	49	16	30	1	79	42	50	28	83	60	97	10	5	7	52	59	58	8	63	73	55	89	24	15	41	53	44	29	64	38	100	65	62	92	75	81	95	67	90	78	25	27	20	32	93	43	2	45	14	68
88	35	41	94	2	39	87	1	76	100	81	26	32	60	73	43	49	77	15	84	40	86	22	42	9	56	83	59	61	64	38	97	33	53	31	21	14	27	52	8	96	18	51	28	89	47	5	74	98	68	30	48	25	34	71	63	50	79	85	95	6	36	67	99	24	91	78	13	80	58	72	75	66	11	19	44	55	23	65	4	45	57	10	93	62	7	20	70	17	69	37	29	92	3	82	46	54	12	90	16
62	5	69	93	51	41	64	84	45	43	59	90	20	55	65	11	17	34	33	1	82	42	48	53	26	75	22	8	47	40	52	70	2	89	39	57	13	83	66	28	98	78	56	16	54	21	24	95	38	50	12	14	97	71	74	31	6	19	35	77	46	100	10	99	25	15	60	3	96	88	91	63	29	49	9	73	4	23	80	67	85	27	44	61	87	81	86	68	76	18	32	7	94	79	92	58	37	36	30	72
67	12	10	32	61	2	41	65	77	94	93	46	73	17	15	38	66	54	28	55	26	99	74	78	63	98	97	16	100	91	45	11	8	5	6	86	59	85	70	84	13	4	88	23	21	27	37	87	20	71	18	64	1	58	39	7	9	56	51	75	80	36	92	83	47	44	34	52	40	33	82	25	89	29	3	42	22	53	72	69	50	31	76	57	81	79	30	19	90	68	60	14	35	95	62	49	24	96	48	43
29	44	64	41	9	43	48	35	7	6	58	93	67	65	47	66	27	85	49	72	25	31	69	46	42	88	2	68	90	56	39	12	52	45	61	84	92	57	36	14	70	33	13	8	32	60	26	51	53	63	30	20	37	95	50	80	99	82	5	74	81	98	71	17	87	75	89	38	34	16	77	24	4	15	100	22	28	79	62	3	59	40	19	1	55	10	76	11	73	21	94	97	54	18	91	23	83	96	86	78
2	8	94	73	29	90	72	89	41	25	16	88	51	75	91	45	82	7	50	38	76	53	85	84	69	70	13	21	99	81	11	3	100	39	30	60	46	49	36	35	24	62	4	54	23	32	52	1	6	43	97	58	67	57	66	92	20	17	61	22	71	59	28	95	12	19	64	26	34	87	96	86	48	79	42	98	47	10	33	68	44	9	15	63	5	14	78	40	55	27	37	18	93	80	74	56	31	65	83	77
23	12	98	21	45	54	91	44	47	46	94	15	49	82	36	61	57	28	83	51	84	19	43	2	35	56	99	74	86	11	42	69	34	76	75	27	92	8	5	93	1	26	9	90	20	38	52	48	66	72	33	85	3	30	39	31	62	95	58	6	41	80	37	22	71	24	7	100	63	96	73	77	17	59	81	40	53	79	67	65	10	70	89	97	55	68	18	16	29	87	4	13	14	25	50	32	60	78	64	88
78	13	34	2	38	73	14	70	6	76	82	41	63	86	3	49	17	56	45	67	50	54	40	23	80	87	79	55	99	1	10	47	35	30	59	65	74	90	66	81	28	89	32	25	33	64	93	71	77	20	24	85	19	16	84	26	4	37	11	62	43	42	69	72	29	21	95	98	46	96	92	52	9	15	18	68	22	39	58	91	97	100	31	60	5	44	48	75	88	8	83	53	7	61	12	36	51	94	27	57
50	72	18	8	67	89	29	32	17	51	46	75	31	52	20	66	37	85	78	30	7	19	54	24	92	80	27	100	56	53	33	94	26	76	41	45	34	88	65	57	13	70	87	64	99	9	59	61	98	36	93	68	1	74	81	55	95	47	63	23	40	97	3	96	6	10	86	38	79	49	48	44	73	83	84	16	71	25	90	11	4	42	22	39	91	28	2	60	43	62	14	77	58	12	5	69	35	82	21	15
100	90	11	59	92	75	9	82	24	38	16	62	26	72	57	31	30	74	61	15	91	65	17	93	58	84	89	41	49	32	68	19	2	25	13	47	66	4	27	1	79	20	81	3	21	94	39	14	86	29	10	8	48	87	33	43	56	34	7	44	76	28	53	23	97	45	77	46	63	18	51	78	95	35	71	83	70	73	54	12	36	55	88	37	60	6	22	40	80	69	64	5	85	50	42	52	67	96	98	99
27	25	98	70	13	32	64	2	62	63	91	99	18	84	36	92	51	46	17	69	56	55	66	8	74	3	80	96	95	67	88	85	97	21	28	100	38	9	93	39	45	5	44	86	58	22	42	54	6	90	16	24	40	49	1	71	52	4	72	37	50	11	19	68	87	94	73	20	57	78	12	76	14	10	79	33	82	29	83	81	30	61	7	89	53	59	15	31	34	26	60	48	41	47	35	23	65	75	77	43
100	61	87	47	97	46	95	54	6	3	70	82	20	52	96	1	38	99	59	26	37	42	45	23	64	83	40	44	34	18	58	13	51	19	16	48	14	77	80	57	25	68	15	29	43	28	7	86	24	66	92	62	22	41	2	10	50	49	30	8	79	91	69	65	11	67	71	53	60	17	63	9	36	74	94	4	78	27	72	39	32	85	89	21	55	35	81	12	75	31	88	5	76	56	98	93	84	73	90	33
45	63	28	91	98	87	76	58	1	86	26	88	44	64	66	97	4	78	6	81	8	65	7	75	70	100	92	46	77	52	99	19	47	59	83	42	54	10	55	23	20	25	51	21	12	79	41	2	74	93	82	68	39	69	38	14	36	3	27	57	96	32	71	62	11	48	31	84	33	24	5	60	37	15	29	53	43	85	35	16	95	49	73	89	40	17	94	50	61	9	22	34	18	56	13	67	72	90	80	30
60	50	10	46	15	51	88	34	63	85	97	98	1	9	68	59	39	38	77	11	14	48	3	27	7	58	28	71	95	5	41	29	4	26	79	70	83	44	19	21	62	18	67	16	91	57	31	45	84	52	72	24	99	37	42	8	33	69	76	86	20	30	80	78	12	55	64	32	90	49	96	75	56	35	74	61	65	36	87	13	82	54	73	17	81	6	23	93	92	40	100	47	66	94	25	43	53	2	89	22
88	31	9	38	7	17	68	82	5	48	15	85	43	66	87	37	34	94	42	47	27	77	83	10	76	12	28	18	91	90	79	63	40	54	69	11	1	21	30	45	93	59	50	24	84	32	26	60	52	4	49	14	41	16	99	95	74	64	62	67	6	96	23	3	25	33	58	22	55	36	13	71	92	2	39	46	73	19	51	56	86	65	75	29	97	53	61	72	78	20	70	89	8	35	44	98	80	57	81	100
90	12	15	58	84	51	52	5	32	25	6	88	63	35	86	22	59	76	80	44	9	21	14	82	34	89	71	41	29	74	83	97	57	40	33	49	1	55	99	18	27	70	62	31	38	79	67	65	36	10	7	37	85	77	93	54	39	61	11	20	43	28	60	66	69	91	47	94	50	68	8	23	45	13	100	19	87	26	73	96	3	78	17	4	24	48	81	2	98	64	92	95	30	56	75	42	53	16	46	72
7	1	17	51	6	71	45	67	58	16	26	47	8	95	43	73	85	80	25	56	41	96	72	91	46	65	81	97	53	52	34	55	75	68	48	50	5	31	49	69	61	79	21	63	76	66	87	9	12	11	70	84	83	19	3	40	77	28	74	64	10	30	82	23	18	39	33	88	59	24	93	60	89	35	37	2	98	42	27	36	94	13	32	92	100	44	38	20	4	15	22	90	14	86	57	62	54	99	78	29
54	4	22	98	40	86	18	57	11	63	14	15	28	92	64	42	6	77	71	87	5	73	90	33	13	76	78	23	52	26	85	8	30	24	67	93	100	38	27	46	97	50	70	21	44	99	19	55	51	56	96	58	3	91	20	29	48	94	43	81	61	41	66	2	69	36	84	34	45	95	60	79	68	9	89	74	39	80	32	59	10	72	1	83	16	31	12	62	49	25	37	53	82	65	88	7	75	17	47	35
8	38	54	1	98	2	32	67	12	27	24	65	7	42	34	62	16	79	87	59	25	44	73	82	83	19	63	78	70	35	45	84	77	97	57	47	68	36	46	71	18	96	74	64	75	55	81	88	13	95	94	28	21	56	100	22	41	10	49	11	91	14	93	99	85	15	6	37	61	4	72	53	50	30	60	5	43	31	40	86	9	3	69	52	89	66	33	39	58	92	29	48	80	17	76	26	51	23	20	90
76	54	4	15	19	45	69	97	99	24	41	95	67	13	25	46	90	60	91	74	11	53	37	81	56	77	3	71	47	6	63	26	59	34	1	22	33	82	100	30	73	43	5	35	17	79	66	29	87	27	48	93	75	58	36	51	68	2	23	18	88	42	61	92	65	94	83	86	7	12	38	14	98	84	50	10	62	72	8	96	39	49	57	64	20	32	16	89	55	52	44	9	31	21	28	78	70	80	40	85
98	23	14	31	36	12	3	72	69	94	89	46	20	67	5	34	43	52	100	88	53	54	90	64	7	28	83	48	22	85	11	62	27	2	18	59	47	63	93	84	17	57	44	55	82	74	38	8	19	76	71	91	21	45	99	60	80	1	41	30	66	15	37	4	86	65	13	39	50	87	26	33	73	81	79	75	61	97	95	32	9	10	35	51	58	42	29	24	40	96	16	49	25	6	56	92	78	68	77	70
16	93	56	8	31	58	59	48	54	67	19	68	66	2	23	57	24	26	86	100	60	49	27	83	99	78	43	22	30	20	10	65	74	32	36	40	62	25	73	98	44	41	51	18	53	84	82	94	14	11	29	9	13	42	81	75	46	92	38	5	37	87	7	97	96	35	52	89	79	47	61	80	90	1	76	85	50	39	63	95	15	21	3	45	64	71	6	33	55	72	88	69	17	4	70	77	12	34	91	28
64	29	68	83	20	98	7	96	70	95	82	59	13	89	12	14	36	58	50	61	65	21	1	72	47	93	23	24	62	42	33	79	75	5	94	52	38	10	4	30	99	2	22	55	11	87	100	27	97	41	17	77	31	80	57	46	44	43	67	34	32	90	66	78	76	84	74	88	69	48	56	16	81	3	35	9	86	15	26	71	60	63	18	19	40	53	91	39	51	85	8	45	54	92	37	49	73	25	6	28
59	98	3	4	36	100	44	87	50	78	97	60	10	61	1	86	72	38	68	90	5	66	22	96	37	91	14	58	40	92	35	23	47	24	8	28	18	6	82	74	17	75	27	31	30	29	79	55	77	33	56	81	85	71	2	80	64	43	19	88	69	63	9	13	11	48	54	26	67	70	41	73	57	65	15	89	21	99	49	34	84	62	52	16	7	32	25	42	45	83	95	93	12	51	46	53	20	94	39	76
4	87	94	66	58	63	18	15	7	48	51	3	90	79	100	49	53	44	71	65	22	57	64	95	91	33	42	73	29	19	36	55	11	67	6	25	17	23	34	92	52	27	16	82	61	31	62	98	39	1	26	24	47	77	40	46	97	99	37	21	45	12	84	8	89	68	35	96	78	86	69	56	70	75	80	81	54	85	38	14	43	20	74	28	60	9	2	5	83	32	50	13	41	93	76	30	10	72	88	59
70	48	32	13	91	95	8	66	37	45	76	20	85	19	84	86	51	2	75	25	44	78	15	71	83	35	11	97	81	33	61	96	21	3	55	12	68	34	18	39	52	69	88	27	29	23	38	42	98	89	43	14	64	80	24	54	41	17	36	4	7	50	93	10	58	22	60	77	67	72	57	28	73	40	62	53	92	94	5	49	47	100	26	46	63	9	16	82	90	1	99	6	65	59	56	79	87	30	74	31
81	31	7	23	32	40	61	51	56	77	91	3	66	58	65	11	57	18	96	6	71	4	14	16	25	67	75	99	41	93	98	1	44	83	34	10	27	28	17	95	20	21	55	37	68	74	72	38	47	63	43	60	13	78	29	46	52	54	97	35	2	26	30	62	39	89	59	42	24	12	88	53	92	84	73	9	85	50	86	19	8	5	80	48	94	33	79	36	49	69	64	15	76	22	82	45	100	87	70	90
47	46	58	68	7	100	60	49	17	52	35	91	11	25	29	40	2	89	73	95	45	48	53	61	65	97	34	74	70	54	42	96	3	8	36	19	9	41	79	82	31	92	69	55	10	77	4	81	64	66	1	16	38	43	51	21	78	26	83	80	18	6	39	27	98	33	85	28	5	15	94	23	75	20	14	71	62	30	84	32	99	93	12	87	56	63	88	86	24	37	44	13	50	72	22	76	90	67	57	59
2	21	15	8	78	96	55	77	51	28	6	63	65	67	97	73	35	56	12	92	54	85	99	100	71	61	25	72	14	37	29	76	19	57	26	58	64	98	13	40	9	52	23	27	38	42	53	31	79	22	48	86	94	3	93	7	16	17	68	46	36	82	47	89	90	60	41	5	66	88	34	75	1	32	70	44	69	59	24	83	87	18	20	11	62	81	49	30	43	33	50	10	91	84	80	74	45	95	39	4
15	64	57	25	91	4	6	14	49	17	69	97	5	19	98	33	29	53	11	71	89	55	48	67	88	13	2	68	9	87	32	50	79	56	39	18	23	46	72	92	86	12	96	31	100	77	65	54	45	24	26	43	27	59	30	78	8	1	62	41	16	80	90	94	95	63	28	35	76	66	74	37	22	83	81	82	10	21	60	3	51	70	52	36	84	44	58	47	85	40	38	20	99	73	42	7	93	61	75	34
45	56	32	66	5	13	25	20	78	96	71	95	16	41	97	48	81	36	100	17	70	52	60	11	10	83	33	27	84	43	24	19	69	58	72	59	53	93	68	3	63	88	28	80	99	22	37	98	67	21	92	87	40	9	46	4	75	64	47	50	62	14	29	8	38	55	94	12	51	18	26	7	77	57	39	44	49	30	76	65	89	15	82	61	74	85	91	31	42	6	79	73	23	54	86	35	2	1	34	90
58	51	15	76	65	1	77	32	63	70	85	96	12	62	30	81	56	36	23	54	90	99	14	22	91	29	47	31	93	69	49	52	46	95	5	48	20	43	55	3	44	75	17	71	64	72	67	4	40	50	38	78	80	45	89	82	66	83	92	98	61	7	28	59	18	10	94	68	19	26	37	34	100	39	2	86	9	53	16	88	73	11	27	74	87	21	41	79	13	24	25	57	42	60	97	8	84	6	33	35
17	18	2	71	46	73	81	27	31	82	98	36	16	69	99	47	83	24	39	86	25	43	51	29	76	87	23	55	6	64	8	20	95	70	19	68	13	48	58	80	44	61	92	65	22	90	91	9	79	10	93	100	14	35	3	78	42	4	26	75	59	12	97	11	37	5	1	63	62	72	57	49	45	30	41	60	88	67	53	74	89	7	54	33	28	66	32	15	77	21	52	94	85	56	38	96	50	40	34	84
2	39	87	63	83	42	32	51	23	15	58	73	81	75	65	36	46	62	19	56	6	25	9	95	100	59	31	13	47	96	77	24	52	70	27	90	66	79	82	99	74	17	8	12	41	44	3	37	26	76	20	40	69	93	7	92	67	21	35	72	88	57	86	48	53	97	10	78	94	43	91	64	80	54	11	18	4	98	34	50	5	28	60	29	49	1	89	45	61	85	71	84	55	14	16	22	38	30	33	68
59	8	42	56	17	23	5	47	24	21	72	100	49	74	94	32	78	68	20	58	91	81	76	57	1	99	37	35	46	2	43	13	73	48	63	26	45	96	31	66	92	50	54	41	88	30	39	12	6	28	29	7	40	97	85	51	19	52	25	10	79	34	69	27	62	53	84	44	33	82	9	22	86	61	87	55	67	95	16	14	36	18	11	64	4	90	3	93	98	89	70	83	77	75	15	71	60	65	80	38
30	88	11	69	96	4	1	74	14	34	70	93	18	25	92	40	32	68	63	36	48	97	91	22	87	98	76	59	3	42	84	94	67	51	83	41	82	66	75	31	15	80	100	28	10	56	89	53	47	13	46	43	52	6	27	26	17	79	8	81	65	5	54	60	95	85	24	39	61	45	29	19	49	9	99	21	20	35	2	37	7	72	12	64	71	50	16	78	57	23	90	62	77	38	73	86	58	55	33	44
4	80	15	47	6	19	79	29	3	34	9	61	87	31	53	22	13	28	94	77	5	82	7	10	72	2	24	41	75	88	62	49	48	20	16	83	26	91	36	14	99	12	52	74	68	51	59	78	8	40	33	85	45	11	18	66	54	93	35	86	30	63	27	97	100	21	23	58	38	60	69	90	17	56	84	37	76	96	42	55	25	70	32	92	98	65	46	44	89	57	50	71	95	43	1	81	64	67	39	73
52	57	21	5	86	10	89	61	70	83	47	18	42	69	7	72	65	95	100	36	33	85	81	15	17	19	8	39	77	40	1	44	64	11	23	88	26	51	79	96	98	74	20	73	9	49	66	87	62	4	38	16	78	53	50	29	32	63	80	30	55	60	43	54	3	27	46	24	92	68	34	75	31	6	41	48	56	13	45	28	93	67	71	22	76	14	94	59	2	84	25	35	37	82	99	97	12	58	91	90
55	68	78	53	2	33	83	90	34	36	43	60	5	85	8	39	15	30	67	31	35	37	66	24	46	9	19	16	21	20	84	49	96	76	98	45	50	99	81	82	75	40	23	93	91	63	28	59	12	73	56	71	79	94	74	44	97	11	26	22	38	10	7	32	27	51	1	13	57	25	18	4	89	17	3	61	86	52	87	95	58	6	70	62	80	54	88	47	72	29	69	41	42	77	14	100	65	48	64	92
24	1	91	45	36	17	25	89	35	57	53	74	87	68	2	46	49	78	32	70	39	60	33	98	41	99	30	63	44	31	66	93	86	61	69	43	21	27	9	75	71	10	100	81	77	54	13	58	20	4	52	64	42	92	80	8	22	23	7	59	47	94	79	15	26	97	34	6	3	85	96	65	5	16	56	11	37	84	88	28	50	48	18	12	14	73	55	67	29	72	19	38	51	90	95	76	82	83	62	40
98	44	54	31	5	37	83	75	23	87	29	97	20	96	12	2	99	36	71	68	46	4	35	82	51	89	61	58	10	60	27	80	6	88	93	32	3	26	45	40	81	1	53	25	95	100	18	17	39	91	52	77	28	41	59	11	14	86	55	33	90	64	50	15	72	38	65	22	79	94	13	9	57	43	70	49	21	34	73	84	56	66	62	78	63	7	24	76	67	30	92	16	69	8	19	42	85	74	47	48
36	41	12	79	70	76	22	82	75	91	46	40	13	97	39	7	48	94	51	58	32	18	44	21	23	28	38	95	27	87	5	45	98	1	6	25	52	9	34	16	42	3	78	24	73	30	86	66	93	83	31	65	14	88	77	49	71	11	64	74	89	15	85	100	61	43	2	55	20	53	8	67	92	37	29	84	80	35	63	60	56	99	59	57	72	33	62	10	50	19	4	90	81	69	68	17	47	54	26	96
14	12	34	6	52	44	22	7	93	64	15	58	54	82	77	42	48	95	62	9	37	88	53	49	76	81	84	24	96	36	2	57	97	100	85	28	38	35	66	26	8	79	17	43	16	78	23	63	25	67	98	80	33	87	90	74	27	61	1	92	39	68	51	31	71	55	60	19	10	69	70	56	94	21	86	45	59	91	20	41	11	29	13	83	18	65	72	46	99	5	75	50	47	3	4	30	32	89	40	73
27	20	39	74	67	100	13	55	76	70	58	38	69	1	65	6	2	68	72	51	89	86	24	73	99	61	18	66	44	35	98	90	26	11	16	60	32	21	46	19	81	5	48	30	47	85	77	12	83	41	25	75	59	17	40	29	96	82	3	79	31	34	57	53	14	87	92	43	22	94	28	8	95	63	4	64	37	52	93	49	97	36	45	62	71	9	33	80	15	56	91	42	54	78	84	88	7	50	23	10
64	67	9	18	70	87	78	11	24	1	55	73	90	29	69	2	74	83	66	44	36	3	27	38	79	80	23	48	96	82	47	84	63	14	20	51	99	50	85	13	41	94	39	98	7	16	25	12	75	92	62	54	17	8	45	52	65	77	49	71	26	56	40	5	86	10	4	22	97	88	72	100	15	89	58	42	35	59	61	37	33	93	21	30	53	57	32	28	43	60	34	6	95	46	19	81	76	68	31	91
27	75	23	84	45	72	56	61	71	9	20	3	58	28	86	68	13	31	92	85	34	90	79	65	15	17	24	55	82	62	43	67	87	29	60	33	57	11	100	48	47	1	39	52	49	21	73	26	32	63	2	91	18	6	35	94	93	36	46	51	64	78	16	83	22	96	66	95	76	81	4	70	37	19	74	99	59	53	30	97	25	14	8	44	7	12	80	42	89	69	88	10	54	77	41	5	40	38	98	50
97	61	6	75	83	81	26	46	79	53	94	13	62	84	9	59	89	95	3	96	18	19	30	4	54	68	1	86	63	56	85	12	64	80	29	17	24	37	22	74	32	73	43	49	34	76	15	42	40	88	39	2	69	91	36	7	60	87	33	16	99	35	57	27	93	44	45	48	11	20	77	41	50	10	14	82	67	78	47	65	72	90	21	51	8	52	71	66	38	5	100	28	92	25	23	70	98	31	55	58
45	61	38	31	59	10	7	94	89	74	99	62	68	46	79	81	75	43	63	98	11	93	32	56	28	86	17	30	87	82	83	29	53	20	84	44	50	55	4	13	16	80	48	3	37	77	34	8	52	27	58	60	26	39	70	54	14	88	23	65	85	33	40	100	78	67	96	91	35	19	6	9	22	1	97	18	72	76	47	2	64	36	73	12	25	71	90	15	21	57	95	5	42	92	41	49	24	51	69	66
30	44	10	96	41	46	87	92	9	48	39	84	45	58	73	85	89	54	59	62	37	14	27	8	95	18	86	76	72	94	32	24	15	90	11	31	29	60	4	71	2	88	40	66	98	83	20	34	80	99	70	17	21	36	26	78	23	81	1	68	6	7	56	53	97	55	33	61	13	67	64	38	79	52	100	3	28	82	42	50	65	22	74	51	75	43	5	77	69	63	35	93	19	12	47	49	25	16	57	91
65	54	93	26	35	19	69	94	100	5	80	85	52	29	37	72	33	89	59	10	97	66	4	71	57	76	23	28	6	31	45	17	46	34	84	48	62	91	86	67	83	98	15	60	12	7	99	78	47	16	73	22	56	2	40	77	63	44	75	81	36	1	11	50	30	79	95	20	87	38	53	43	13	27	51	96	3	9	55	92	64	8	82	25	70	58	42	21	39	68	41	24	74	88	61	49	90	14	18	32
24	22	90	32	74	17	99	77	60	39	85	26	46	31	38	89	3	50	51	7	12	2	81	80	41	43	67	87	66	49	30	33	6	37	63	98	64	53	16	19	78	9	28	73	40	21	27	54	23	75	36	52	94	62	5	4	96	48	95	13	11	84	8	79	44	55	35	56	86	42	68	76	29	1	59	97	14	61	47	25	69	20	70	15	65	45	72	18	58	91	83	57	100	92	34	71	10	82	93	88
22	70	12	71	59	94	42	29	81	47	76	48	64	32	50	13	9	60	91	43	57	7	19	89	4	78	39	37	38	62	53	87	18	67	26	88	35	61	15	55	66	27	8	85	25	14	33	80	68	34	93	1	98	5	45	79	46	51	90	20	74	73	77	28	52	83	23	2	100	40	44	16	95	17	56	58	6	96	10	86	69	65	97	11	30	84	54	72	36	49	21	99	75	31	41	82	92	24	63	3
41	12	34	35	37	78	61	9	31	28	36	62	19	72	58	96	17	92	1	87	89	95	66	15	70	63	16	84	49	24	47	86	99	13	18	54	64	57	69	73	8	30	77	4	60	94	79	75	40	100	20	43	27	42	97	76	56	93	44	3	52	88	83	6	7	25	22	85	81	80	11	46	38	90	10	59	14	23	55	45	82	33	68	74	32	98	50	26	21	39	51	29	67	91	65	48	2	71	5	53
8	26	13	21	86	96	97	3	48	58	70	44	59	23	51	43	16	20	34	12	25	41	68	73	76	92	90	18	35	55	82	28	32	45	62	50	100	89	27	72	64	88	17	91	36	84	78	74	4	40	11	24	95	38	49	46	56	57	31	19	39	5	99	15	79	85	42	61	87	93	71	54	65	77	2	10	29	52	80	37	83	33	47	7	69	14	67	30	94	1	98	66	81	22	9	6	75	63	60	53
42	51	84	37	13	83	87	66	67	15	8	99	2	94	28	50	75	32	17	97	85	80	10	100	82	44	9	89	72	24	59	53	11	55	19	73	16	30	6	41	70	95	48	43	21	71	74	47	68	5	31	25	20	14	54	40	88	60	33	36	52	61	12	57	93	79	76	96	81	56	64	49	86	18	1	3	4	23	38	58	35	29	69	26	98	77	39	91	65	22	90	34	27	46	45	78	92	63	7	62
58	50	35	40	16	49	29	69	4	2	15	60	96	28	99	64	67	51	86	8	18	53	39	30	43	23	48	31	84	26	17	21	82	34	87	55	63	6	27	62	88	76	72	80	38	95	12	45	93	61	1	70	11	7	22	3	10	92	91	78	75	54	74	89	79	59	9	81	24	77	32	5	100	83	19	37	65	97	20	44	52	36	14	42	33	41	25	47	85	68	13	94	66	98	90	71	73	46	57	56
48	99	74	65	77	93	59	1	88	42	41	25	11	34	19	95	69	100	79	50	33	44	78	7	84	43	37	27	58	68	4	39	38	32	72	5	36	26	52	20	30	2	51	6	82	61	91	70	17	35	73	86	56	21	71	10	45	89	57	94	63	80	62	60	92	67	55	31	46	81	75	14	12	53	22	18	9	85	40	97	23	54	47	28	49	98	29	16	13	24	66	76	3	90	64	15	87	8	96	83
98	57	4	23	18	90	21	11	2	80	72	38	40	64	55	60	75	67	15	47	34	33	17	6	61	9	19	3	49	36	76	70	52	87	93	95	10	26	24	92	29	71	12	32	51	97	73	85	46	31	20	79	91	83	94	54	99	43	28	44	68	88	14	48	37	7	22	77	62	16	53	45	82	78	66	65	39	41	25	35	27	63	84	69	96	42	89	86	100	56	13	50	5	74	81	58	1	8	59	30
96	37	45	52	76	29	94	27	79	74	100	12	65	22	88	23	57	26	28	95	49	13	24	42	19	30	8	89	38	73	58	9	47	34	6	77	35	67	46	7	72	33	75	83	84	5	87	92	4	93	61	86	20	54	21	66	78	55	31	48	71	16	62	10	82	64	11	51	14	44	50	85	41	36	39	43	81	1	90	17	15	25	2	18	32	98	70	63	80	91	60	56	99	97	40	68	69	53	59	3
69	60	46	37	54	7	31	64	1	36	81	22	79	5	97	23	57	63	100	49	19	11	15	40	80	45	42	51	50	2	53	3	28	43	62	95	84	41	18	87	39	27	68	72	30	98	25	35	56	96	8	94	82	9	92	44	12	13	38	16	74	55	99	59	6	33	10	70	4	71	58	83	91	93	88	21	61	32	78	17	52	47	65	77	20	66	26	85	67	89	75	76	34	73	90	29	24	48	86	14
63	62	56	50	92	90	52	8	87	78	65	37	98	41	44	77	67	39	38	97	36	29	54	51	59	34	30	22	95	88	23	84	18	85	47	71	48	69	79	66	27	64	73	26	40	19	45	83	89	42	80	94	3	58	76	13	46	55	82	9	1	20	24	7	14	57	43	68	32	28	25	70	99	12	4	74	11	49	31	100	72	6	16	86	21	61	15	91	75	81	35	60	53	96	93	33	10	17	5	2
33	17	40	16	77	15	13	61	52	56	43	57	41	66	7	4	54	68	22	49	82	93	8	25	11	14	24	34	75	28	31	10	99	89	80	79	67	42	71	21	35	59	23	30	27	98	86	48	62	60	26	85	90	53	36	29	74	70	51	9	44	69	45	83	46	58	91	55	63	2	65	78	64	84	47	39	95	87	50	6	5	38	37	32	3	72	76	96	81	88	97	100	94	12	73	1	18	19	92	20
36	23	3	51	40	50	67	79	48	2	26	94	35	70	9	92	19	10	100	8	99	33	80	96	76	71	57	66	4	86	27	82	54	77	34	30	12	55	73	64	43	6	20	56	60	15	98	21	47	65	72	46	83	24	45	74	69	75	93	44	32	61	13	91	49	29	31	59	78	52	39	62	41	58	84	53	42	17	89	25	1	5	87	18	68	81	22	37	85	28	88	90	11	38	95	7	16	63	14	97
85	36	15	55	11	78	38	67	48	98	43	12	32	14	60	99	93	8	26	47	49	16	100	34	9	97	25	82	35	83	44	2	20	28	76	72	53	1	58	18	3	84	40	75	23	45	62	13	94	81	46	79	7	5	33	66	22	90	29	37	54	68	21	89	42	91	65	39	10	27	96	52	59	19	63	86	69	88	70	57	30	77	61	73	51	71	41	92	74	64	6	50	17	80	24	4	56	95	31	87
95	18	13	82	25	21	49	1	83	96	34	85	31	73	92	60	63	7	2	22	27	76	79	74	29	86	47	10	77	91	67	41	14	40	9	84	98	97	15	4	94	66	59	39	36	44	20	19	57	70	81	100	37	33	87	56	61	69	46	24	72	12	93	3	6	75	58	71	45	48	23	53	54	55	64	50	51	17	38	16	32	90	99	43	42	5	65	11	35	89	78	26	28	30	80	8	68	88	52	62
48	28	25	68	67	75	80	58	14	18	97	91	42	30	9	69	46	10	40	84	7	83	37	53	100	49	62	47	73	86	93	4	98	55	15	27	89	94	88	41	13	63	39	3	96	5	26	21	57	82	76	43	72	52	78	66	95	32	64	2	79	59	20	1	70	23	12	99	90	31	65	51	45	17	85	87	19	34	77	44	71	22	6	33	60	61	92	8	11	29	54	81	36	38	24	56	74	16	35	50
28	66	70	10	84	59	53	99	42	24	56	89	64	23	71	91	14	1	92	65	87	88	75	34	2	22	11	94	95	55	49	48	78	25	3	44	15	96	83	18	81	68	82	50	7	98	21	5	32	26	85	57	20	40	80	79	8	43	33	52	86	6	61	4	19	62	45	9	38	54	76	37	47	31	36	16	90	100	97	46	13	73	67	35	27	72	60	30	93	41	39	69	29	77	74	12	51	58	17	63
77	17	66	89	97	71	65	22	58	68	8	55	16	54	57	94	95	49	31	78	98	39	36	82	29	14	62	50	83	93	12	26	7	34	86	87	51	21	76	74	10	27	69	63	47	75	60	20	88	23	59	18	53	25	100	96	30	91	43	79	48	44	41	19	9	37	84	64	81	11	32	42	99	28	4	72	6	38	46	85	73	56	67	3	5	2	24	45	52	33	40	92	61	90	70	13	1	15	35	80
36	96	3	20	74	18	97	67	87	71	48	81	39	22	92	5	70	76	89	88	23	69	53	27	41	84	26	42	11	45	50	9	64	10	7	56	66	59	47	33	1	94	58	55	44	30	95	60	82	14	31	99	37	4	19	25	15	63	68	72	24	28	52	29	43	61	16	6	65	77	34	17	91	98	38	73	62	79	2	21	49	12	90	80	51	54	13	83	35	8	93	46	86	100	32	40	75	57	78	85
13	46	67	21	17	81	9	27	14	94	93	44	79	50	69	49	63	77	31	30	5	29	80	98	7	65	6	1	87	74	59	89	85	24	73	15	97	39	75	8	35	25	64	23	55	2	48	51	41	10	3	68	96	57	99	45	83	54	91	32	43	37	38	36	4	70	95	18	72	90	34	22	33	52	40	12	92	78	84	19	82	16	76	20	66	88	26	86	56	62	28	100	53	58	47	71	11	61	42	60
56	83	33	90	12	24	64	29	92	67	61	1	14	100	44	46	35	6	47	2	53	48	37	71	38	96	68	98	28	72	19	75	30	10	88	49	8	18	52	17	4	76	20	25	78	97	42	94	60	65	69	95	9	32	15	86	81	63	31	22	40	74	41	82	55	3	89	87	13	70	21	27	99	39	79	43	57	45	50	23	84	5	51	36	59	91	54	58	85	73	80	93	26	77	34	16	62	11	66	7
31	15	10	71	98	7	88	17	33	46	97	95	84	100	12	99	18	74	66	36	34	26	29	79	22	90	57	50	38	80	40	56	2	30	32	89	63	85	55	9	53	93	58	8	82	86	75	70	42	64	28	21	27	76	11	69	81	47	1	39	91	48	23	65	25	60	45	16	37	73	19	67	43	54	5	13	83	51	4	35	77	3	24	72	87	49	68	78	44	20	94	59	96	52	92	62	14	6	41	61
45	55	77	92	47	85	76	38	8	14	81	53	79	56	30	86	78	33	15	99	35	73	28	5	83	54	21	88	60	66	61	6	52	9	67	12	39	82	1	16	26	29	24	51	18	4	97	64	62	58	7	20	44	42	84	70	49	68	75	87	90	96	23	74	31	3	71	19	48	17	37	46	80	13	98	59	32	65	57	72	89	63	94	41	25	27	22	50	11	91	2	69	100	43	95	93	40	36	10	34
94	49	3	59	81	98	22	10	24	88	11	29	14	77	60	37	71	64	61	45	86	95	26	100	34	28	7	56	69	70	21	92	25	44	38	5	58	17	19	87	75	96	4	84	9	85	72	55	33	12	68	18	15	89	99	6	40	16	35	54	32	8	52	93	80	48	46	23	66	57	65	43	20	51	67	42	2	62	97	90	76	53	73	50	82	47	79	41	31	1	30	91	39	27	78	83	63	74	13	36
98	62	11	37	9	96	66	27	3	28	10	90	95	26	41	97	78	67	45	88	72	30	59	25	2	16	93	19	5	17	48	58	61	57	39	77	84	20	60	65	44	24	79	92	73	55	52	21	32	40	14	51	6	76	87	23	68	12	7	47	42	22	36	81	94	63	69	80	89	13	33	50	53	64	54	56	75	18	8	46	74	91	83	4	71	1	85	31	38	86	34	82	70	49	29	35	15	99	100	43
49	91	72	55	7	73	43	47	88	28	50	33	75	9	38	23	39	96	53	27	14	99	42	46	80	66	57	100	45	71	83	31	52	90	32	93	37	8	77	56	67	65	25	4	13	12	63	98	95	68	86	15	2	20	74	40	85	84	81	41	97	30	58	89	6	5	82	59	64	29	3	36	44	69	16	22	78	51	19	62	11	76	10	34	79	24	61	26	92	21	54	17	35	94	18	1	87	48	60	70
76	35	81	32	33	46	72	91	23	19	62	10	37	24	48	74	58	86	59	8	27	2	73	14	15	12	54	94	96	67	29	3	40	98	75	34	38	83	77	84	36	92	80	31	95	26	56	44	50	39	87	43	99	16	97	9	61	52	79	28	18	25	70	20	63	64	51	5	100	55	7	11	85	78	22	45	13	4	65	71	88	6	68	17	21	30	57	82	49	42	53	89	60	47	66	69	93	90	41	1
62	81	12	70	93	39	97	66	11	83	65	59	95	18	87	96	24	67	43	76	28	50	71	82	68	25	21	45	73	14	98	85	78	51	60	91	1	58	72	10	94	61	42	75	26	92	46	49	86	3	53	32	90	27	33	57	40	4	54	99	44	64	20	74	48	100	35	69	7	2	6	80	15	41	84	55	34	52	13	56	22	31	29	77	17	36	23	38	37	16	9	79	5	19	30	89	88	8	47	63
42	67	58	86	65	25	15	36	59	39	3	68	57	29	12	84	27	7	33	47	73	76	93	38	97	41	78	2	49	62	98	51	10	55	90	44	40	92	72	99	82	4	74	20	17	96	95	32	5	35	22	24	16	66	91	19	45	75	13	1	77	30	18	56	28	81	80	69	48	26	34	60	100	6	88	52	8	70	79	43	14	94	64	11	46	54	37	71	31	50	63	83	21	61	53	87	23	85	9	89
75	40	79	52	12	27	89	50	90	56	98	70	63	23	99	13	15	22	95	9	36	21	78	84	29	66	39	44	92	7	71	60	57	38	58	85	68	88	83	87	10	18	5	4	51	32	2	59	43	77	17	8	73	91	53	1	47	93	62	19	45	54	28	74	49	31	86	81	42	55	6	97	35	100	61	82	72	20	80	94	11	3	46	16	69	96	24	26	67	48	25	37	64	76	30	41	65	34	33	14
83	16	81	86	5	48	52	42	34	58	25	85	99	64	69	65	82	40	39	38	23	84	50	98	49	77	36	7	13	22	72	79	95	91	17	76	47	53	27	19	35	74	93	10	71	80	8	51	20	97	55	33	6	59	21	63	46	90	14	89	32	78	24	44	12	67	28	30	56	100	4	66	15	45	73	1	41	31	92	57	68	37	43	61	3	11	70	75	96	60	9	26	94	29	87	54	62	2	88	18
2	42	100	49	68	24	43	44	94	61	23	92	74	22	12	48	90	83	15	95	91	41	57	76	18	81	4	29	56	93	98	54	20	13	3	9	21	69	67	79	88	31	39	66	1	65	11	32	35	86	55	5	97	6	60	72	84	96	59	58	10	62	73	33	50	16	40	27	7	17	78	8	26	34	25	36	87	51	45	82	30	53	37	28	80	64	19	46	85	89	70	77	14	38	47	99	63	71	52	75
49	42	85	82	18	79	27	92	2	68	64	29	53	5	89	33	23	57	15	88	78	22	91	17	62	50	38	93	73	7	77	74	41	16	95	94	59	87	83	11	13	24	75	28	12	21	81	19	71	8	76	32	45	66	43	1	35	39	52	65	96	10	86	97	54	55	44	20	99	37	51	6	26	60	40	34	30	90	4	67	14	98	46	100	36	63	72	80	3	70	25	9	47	61	31	84	58	56	48	69
69	79	89	43	15	96	84	54	83	21	46	24	75	22	26	81	44	32	8	10	78	40	55	47	62	67	63	95	60	97	48	85	94	19	36	87	56	16	1	2	57	70	7	12	6	92	82	88	33	3	50	66	31	73	18	99	98	90	100	52	72	37	17	5	34	80	35	20	30	4	71	9	77	23	76	59	64	93	41	53	28	29	74	13	27	38	91	61	11	86	14	45	51	25	49	42	65	39	68	58
55	98	28	76	62	34	31	77	61	21	1	53	10	15	6	23	20	71	17	49	47	35	39	57	90	67	27	78	3	79	29	9	38	46	64	65	87	81	63	80	18	45	68	14	70	44	89	37	26	4	22	92	5	82	99	33	84	72	85	91	16	42	43	24	8	74	60	50	97	54	19	56	36	59	30	2	40	96	83	88	93	41	13	52	86	51	48	25	95	66	100	73	69	94	7	75	32	11	12	58
39	90	30	5	29	32	25	13	86	95	93	71	2	94	26	31	82	67	88	3	23	9	91	83	60	8	10	49	40	6	68	70	64	18	41	57	44	98	37	61	87	77	17	92	11	51	15	42	4	38	78	80	76	34	55	22	99	66	27	45	62	19	72	97	59	75	1	48	47	84	96	16	100	12	14	24	36	63	89	74	81	28	21	43	85	20	50	73	79	58	54	7	69	35	33	53	56	46	65	52
83	68	51	2	85	27	79	39	31	13	11	78	61	93	57	50	3	49	1	45	67	99	100	64	92	37	71	12	5	54	40	65	73	88	41	28	52	63	76	30	70	10	91	38	72	25	21	96	98	69	24	86	33	94	16	6	82	84	35	89	56	43	95	29	8	47	59	74	77	53	26	4	87	22	15	90	17	23	62	80	46	19	60	9	75	58	42	32	55	66	7	48	44	18	97	34	20	14	36	81
43	47	81	30	50	44	8	71	84	72	4	60	77	79	96	57	54	26	86	28	12	34	37	73	38	67	94	45	51	68	46	59	36	64	95	15	97	91	69	56	99	18	89	42	58	83	23	7	93	82	29	52	17	92	3	1	63	49	2	66	76	25	90	31	62	98	13	87	70	39	35	80	27	14	19	16	32	40	11	33	5	22	24	61	74	6	65	41	75	48	78	20	10	88	9	85	53	55	100	21
66	41	42	83	4	1	34	26	70	14	15	93	59	99	25	95	6	9	44	86	46	72	3	24	97	89	49	28	16	92	53	5	37	35	2	98	23	65	73	29	45	18	85	48	21	81	56	88	33	74	38	10	82	58	47	20	96	100	54	55	52	63	64	17	7	84	75	57	91	79	77	60	39	68	40	8	76	51	13	43	19	50	12	80	31	69	71	62	94	61	22	36	30	11	27	78	67	32	90	87
47	64	38	22	29	82	80	35	19	69	2	58	34	40	66	67	24	5	17	39	51	16	42	32	93	73	21	44	87	99	26	7	45	33	92	9	98	70	50	55	30	41	83	74	56	4	43	88	65	15	13	100	23	3	14	95	49	81	10	12	36	89	75	76	72	71	59	53	78	60	1	61	68	6	85	54	84	31	62	28	52	77	94	18	20	97	86	8	27	96	37	46	91	48	57	63	25	90	79	11
32	49	94	14	16	84	5	17	4	57	89	88	42	98	75	87	35	92	34	8	76	71	30	38	44	79	45	31	3	33	65	22	37	2	59	66	54	63	20	10	83	100	26	41	93	52	43	86	91	68	27	18	85	90	96	12	62	53	11	6	74	46	60	78	82	39	51	25	73	28	55	97	36	23	13	56	95	7	61	99	69	9	40	15	81	47	29	77	80	19	70	48	58	67	50	1	21	24	64	72
5	67	91	90	15	59	39	95	8	50	92	43	78	37	70	33	22	40	69	54	68	87	84	94	9	63	38	3	12	73	47	44	80	61	51	76	35	62	72	7	85	82	14	19	24	79	36	74	4	64	71	58	45	77	34	66	49	56	32	6	10	97	81	27	18	100	31	13	25	11	28	41	96	88	30	29	86	83	57	2	65	52	89	21	99	98	75	26	48	1	93	23	17	16	20	60	46	55	42	53
