100	100
37	25	34	16	12	19	34	19	29	20	37	39	18	24	34	34	36	19	15	29	23	17	21	31	14	11	34	32	32	20	17	40	17	35	13	25	32	19	28	13	37	34	11	19	30	21	24	12	11	24	39	14	29	30	26	13	36	29	28	27	28	36	20	38	27	23	34	29	33	14	22	34	35	29	17	18	24	21	18	20	29	34	32	30	27	32	26	15	38	38	22	30	19	36	16	19	38	37	40	33
18	11	15	33	22	19	15	19	28	25	20	40	32	15	29	38	14	15	18	33	17	19	39	11	14	22	32	33	23	21	28	38	12	39	22	33	26	24	11	21	19	34	32	18	17	26	19	38	31	31	11	34	29	12	25	21	35	35	28	39	14	12	14	33	34	21	31	27	18	30	21	18	20	33	33	26	20	14	21	13	34	17	18	20	31	39	22	30	11	16	11	36	16	18	16	20	21	35	29	40
40	15	40	13	30	27	14	33	39	36	23	27	30	23	23	38	31	19	17	26	37	30	18	38	30	36	24	28	15	19	14	23	11	29	31	37	25	17	28	36	27	36	14	28	29	26	26	14	13	36	39	23	23	37	32	13	34	26	20	32	33	25	16	37	20	26	36	33	19	23	40	32	22	31	31	33	13	29	12	30	34	31	27	23	32	34	30	19	16	25	21	24	39	20	28	16	15	30	36	26
16	33	33	28	38	40	27	16	40	13	39	11	16	19	16	18	19	21	20	36	27	30	18	26	27	31	18	18	22	31	28	14	27	18	23	34	38	16	12	16	30	39	23	38	36	14	26	39	27	20	25	34	33	28	18	26	38	36	33	25	14	37	37	37	18	13	18	19	22	20	25	28	13	20	27	33	35	32	34	16	19	12	40	13	14	27	32	32	33	17	24	40	11	36	16	32	30	32	39	21
20	23	12	39	12	20	21	37	19	39	28	26	20	12	11	22	33	38	27	27	29	35	26	23	20	27	29	20	21	12	16	23	24	30	16	34	23	21	14	22	33	36	32	22	35	24	14	17	21	21	31	15	13	19	37	16	18	37	17	23	13	19	31	13	17	28	27	31	38	36	11	40	18	36	27	29	39	30	24	27	11	38	12	24	38	34	35	29	23	35	30	33	40	15	20	38	20	35	25	27
24	21	19	31	12	32	22	32	14	26	28	29	23	40	36	14	22	12	30	16	12	39	34	31	39	34	35	16	24	12	35	39	33	25	40	27	16	30	28	19	11	24	32	39	22	20	20	15	20	17	32	37	15	20	19	30	34	38	15	11	11	18	34	25	27	39	24	39	21	37	25	11	39	11	23	38	32	34	17	24	18	17	20	16	13	24	25	25	39	35	15	18	16	32	30	29	24	25	13	15
20	21	34	22	23	39	24	11	26	24	28	24	12	36	23	30	37	29	24	12	19	15	15	17	36	29	26	27	19	35	40	25	12	32	40	33	13	31	27	25	38	18	34	36	26	11	39	34	23	25	36	28	20	32	38	22	14	38	11	29	30	30	27	24	39	13	16	24	25	23	12	26	20	19	27	34	28	22	15	35	39	13	34	34	40	24	38	16	18	26	32	17	21	35	22	27	18	14	31	11
25	21	21	24	26	27	28	11	38	25	15	14	30	14	35	15	26	26	37	29	19	31	16	15	21	16	20	22	28	24	16	21	39	35	16	28	33	20	22	20	31	33	29	30	18	40	34	33	24	36	17	21	40	20	37	29	25	36	25	21	12	22	26	14	18	25	23	18	28	33	26	27	26	11	21	24	21	18	35	38	31	23	27	18	40	22	23	18	36	11	19	31	18	27	24	36	17	37	33	35
18	31	14	16	23	29	36	32	25	19	28	17	38	18	39	14	18	35	22	37	11	27	38	11	14	26	18	27	18	11	32	26	27	38	27	32	17	16	26	29	12	11	33	31	14	27	33	33	29	25	34	36	13	35	33	38	20	29	40	38	34	16	35	35	19	22	32	18	33	15	12	18	15	16	20	18	14	16	39	30	18	17	19	40	29	11	40	25	19	23	32	21	37	32	24	26	12	35	18	32
24	11	30	27	20	40	39	17	20	33	24	37	26	17	29	19	39	18	19	23	20	39	27	14	19	37	28	18	21	37	35	29	36	34	27	37	27	22	16	34	13	12	34	40	27	21	32	26	36	11	22	24	25	18	39	36	32	11	26	29	33	22	12	19	19	31	28	28	13	31	30	37	18	28	13	15	38	16	15	22	40	31	36	16	35	12	23	12	26	15	19	24	25	24	12	40	25	20	31	26
15	18	28	31	39	20	13	17	39	34	30	18	15	15	19	19	21	36	39	39	17	25	22	25	29	32	40	40	27	11	16	32	22	25	24	33	34	29	13	25	25	30	28	31	37	21	18	34	13	16	36	31	29	24	21	33	27	26	12	29	24	17	23	17	33	32	33	12	26	32	32	31	40	30	20	22	15	24	25	11	37	40	16	17	12	20	35	16	27	40	21	32	20	22	29	39	13	38	16	26
28	20	27	21	15	13	18	14	22	26	25	14	38	21	29	21	14	21	14	36	40	34	20	36	24	21	40	18	19	18	14	11	37	28	18	22	27	21	31	36	29	32	34	13	22	35	11	14	30	17	12	33	23	15	30	24	38	17	15	21	40	34	21	32	13	30	13	22	24	29	32	13	29	14	17	16	32	36	11	16	22	18	28	29	36	22	14	36	22	38	33	20	27	22	13	30	38	39	37	27
29	29	20	36	28	31	30	34	33	21	37	34	35	16	12	40	20	29	12	39	25	31	18	20	15	32	30	30	29	35	12	36	29	19	29	31	13	31	33	27	20	21	19	27	40	19	29	35	38	22	19	30	39	19	29	34	28	18	40	37	29	11	20	22	26	35	11	14	24	12	30	34	40	32	31	40	36	31	36	28	19	25	32	37	17	22	28	37	16	19	18	39	17	40	33	14	25	24	15	34
34	22	32	11	21	15	25	29	37	38	11	39	32	16	31	33	40	20	11	21	35	25	24	12	15	24	39	26	38	19	25	38	20	23	15	33	28	15	13	30	30	12	24	37	15	37	12	29	21	36	27	36	37	28	18	14	25	18	35	24	34	20	18	37	27	36	32	25	14	22	21	36	19	28	34	32	23	31	33	20	27	16	31	23	14	11	11	14	15	28	28	37	32	27	27	36	37	18	27	15
28	35	19	24	36	18	38	27	11	34	40	38	13	12	23	30	38	26	23	25	11	20	26	38	35	16	22	11	25	13	12	32	24	30	25	30	14	23	34	25	19	33	16	30	20	36	30	37	40	30	12	33	11	33	13	25	29	30	35	17	28	14	32	26	18	18	31	30	13	24	15	30	37	26	34	21	28	39	27	34	37	15	13	14	21	40	11	26	23	12	34	13	22	22	16	20	11	19	34	31
27	36	18	40	25	31	15	34	20	13	37	30	34	18	26	30	12	20	18	35	19	20	19	15	25	21	31	40	18	20	20	15	30	19	38	17	31	35	35	24	37	22	33	25	15	15	24	21	36	18	29	22	32	28	34	40	39	14	27	12	21	34	31	34	27	37	28	11	38	33	14	13	25	23	20	14	12	19	14	28	32	15	35	37	27	32	31	31	26	12	15	26	38	14	15	27	24	31	30	19
24	36	13	39	15	31	36	12	37	14	40	26	20	19	24	31	27	12	21	13	29	12	23	36	23	13	18	18	30	18	18	23	11	14	37	36	21	18	35	36	30	19	23	25	34	34	18	38	13	29	18	22	22	25	30	34	18	22	12	17	23	26	23	27	29	37	36	15	32	23	29	13	12	24	11	15	33	22	21	25	27	35	15	37	24	38	15	40	23	29	13	35	15	36	35	13	13	19	26	26
16	14	16	32	12	28	37	20	28	12	12	37	38	25	25	25	26	31	25	40	38	28	20	30	15	39	13	21	24	32	11	40	38	32	26	14	39	28	20	34	16	24	31	39	29	13	13	38	30	15	32	26	17	29	27	21	19	33	23	25	31	25	34	11	15	36	23	19	15	14	19	28	16	28	17	37	24	37	23	33	23	16	14	18	14	35	39	21	34	25	14	32	16	27	14	18	33	24	30	35
27	17	39	18	21	26	35	19	32	13	36	30	29	25	29	18	12	36	40	40	16	23	40	36	22	21	19	15	12	34	27	29	14	40	15	31	32	23	32	27	35	16	16	12	34	32	24	18	13	31	20	11	39	25	38	17	31	39	36	22	37	30	13	23	21	23	11	21	12	17	36	23	13	11	26	26	19	23	13	29	20	39	14	27	15	23	40	37	37	27	25	18	28	22	34	35	11	35	12	23
30	27	31	12	24	11	18	38	39	18	20	14	26	38	17	16	35	39	24	15	34	25	13	40	39	34	26	25	40	27	27	21	21	36	40	16	33	33	25	38	21	25	17	13	12	11	30	19	17	15	35	26	27	37	23	19	19	14	36	18	23	37	16	24	33	32	12	40	22	34	36	23	18	20	26	35	36	23	40	12	28	32	28	21	39	36	11	35	17	27	33	26	14	39	31	26	26	14	34	24
14	13	29	21	32	15	24	13	11	34	36	33	36	12	19	38	27	21	23	11	24	15	16	11	16	33	24	26	17	33	12	33	21	18	19	30	12	23	27	31	22	17	13	16	12	28	33	39	37	20	29	21	18	31	25	40	20	13	19	14	31	22	40	35	37	19	21	32	36	21	18	12	33	20	27	30	28	18	12	39	37	31	21	21	29	26	31	32	14	40	36	23	23	35	23	15	24	22	32	19
19	27	29	29	38	24	39	19	18	11	16	29	11	14	14	12	13	17	23	33	11	25	17	33	18	23	26	31	14	35	24	36	33	28	35	22	14	25	24	36	28	37	19	27	30	24	39	35	13	20	23	12	18	28	32	13	19	18	25	27	16	18	11	24	34	40	38	35	23	20	11	20	29	18	15	13	33	34	11	23	13	27	14	25	22	20	14	38	34	27	38	25	12	20	13	28	22	37	36	19
39	15	37	21	18	32	18	12	15	33	31	31	15	21	30	23	26	11	11	30	27	33	18	23	15	36	16	15	34	22	37	22	26	30	33	12	39	23	17	33	15	33	13	17	36	23	38	15	25	13	33	38	16	39	27	26	36	38	39	32	25	18	25	18	11	24	28	22	21	13	22	16	18	11	27	39	24	14	12	32	25	37	36	17	16	16	31	39	39	36	24	32	30	18	12	26	29	40	29	37
13	14	34	24	36	28	25	37	33	24	30	26	14	20	20	21	19	21	37	31	12	25	17	34	34	11	30	28	30	12	33	29	29	29	24	39	22	14	20	19	37	11	11	34	35	35	30	31	15	21	33	29	21	39	19	35	38	37	29	36	34	36	21	29	14	17	34	24	19	20	17	40	13	39	27	22	11	24	14	22	14	13	13	13	37	28	18	36	32	34	32	40	11	12	14	33	36	29	19	34
16	21	17	33	15	33	37	35	38	36	37	29	28	16	36	36	28	20	36	32	16	22	12	31	24	15	22	18	13	34	15	30	38	12	27	27	15	19	11	40	31	37	20	13	31	34	17	13	20	32	38	30	36	18	15	12	11	20	38	16	31	25	40	31	38	15	30	36	11	28	16	17	32	37	16	36	17	25	17	37	36	16	26	16	40	14	19	33	15	13	39	35	26	40	20	20	14	20	38	29
17	37	15	17	17	26	19	28	39	17	36	32	33	35	33	12	24	24	36	22	28	37	27	27	36	32	27	32	12	19	27	16	12	27	37	36	25	11	23	16	35	33	23	28	38	37	14	37	34	16	18	19	27	36	12	12	20	12	37	21	16	11	12	20	19	31	19	19	13	20	27	28	25	13	26	28	36	33	24	12	26	18	14	37	34	32	26	20	14	24	39	11	32	28	34	31	15	32	12	34
38	23	20	11	38	17	20	34	27	21	28	34	26	15	27	27	29	18	27	12	22	39	37	19	39	16	27	29	18	39	37	36	30	37	17	38	19	17	30	14	30	13	35	36	29	31	37	19	15	30	28	15	25	28	34	39	23	34	15	35	33	15	28	19	36	27	31	15	29	12	32	38	36	39	34	22	29	40	30	12	34	17	33	30	24	25	30	15	40	11	33	13	15	13	15	11	22	13	26	11
12	16	15	22	31	32	23	21	35	18	32	21	28	27	23	22	37	12	36	18	22	38	32	27	19	31	21	29	40	21	19	24	34	40	28	28	29	24	25	21	22	11	14	33	30	31	25	29	34	17	37	40	20	30	18	37	29	31	14	28	30	35	24	40	21	25	29	40	21	16	38	30	35	32	23	29	27	15	26	12	31	11	14	33	16	31	25	18	32	31	15	34	16	23	19	34	14	11	28	29
17	33	40	38	34	19	26	32	28	21	33	23	29	22	34	28	16	36	17	37	23	20	34	37	37	25	39	34	37	23	23	37	13	28	39	35	33	20	13	11	21	16	17	26	33	16	11	33	17	31	39	16	12	22	32	33	22	28	25	38	34	23	23	22	30	29	11	11	33	20	35	24	21	20	15	38	33	28	22	27	39	39	32	17	34	36	35	20	33	15	36	38	17	33	23	11	34	19	23	23
23	12	32	28	14	36	29	31	38	14	28	30	13	15	18	15	31	20	19	13	35	34	37	20	33	38	26	12	36	35	22	38	27	40	31	27	39	28	34	28	19	15	37	18	32	37	26	13	19	11	30	25	35	35	39	26	17	18	27	25	13	28	25	15	21	36	21	30	24	11	21	39	20	20	25	25	38	19	33	32	34	22	21	25	13	24	29	25	30	11	24	23	15	36	36	27	29	22	12	29
39	13	28	31	22	31	27	22	33	13	11	26	40	12	37	16	32	36	38	20	34	32	15	37	14	40	28	22	15	17	31	20	12	13	21	32	14	33	15	40	16	35	27	27	40	16	27	40	14	32	11	16	31	29	13	21	33	28	14	39	31	19	35	33	36	33	39	13	28	13	20	24	18	20	32	26	38	11	17	16	18	24	39	13	37	11	33	31	21	14	30	15	17	23	35	36	26	35	12	36
21	31	39	35	39	28	23	15	37	39	16	39	11	32	14	31	13	39	40	30	15	39	22	26	39	24	39	16	26	12	17	33	31	21	25	40	39	35	21	28	33	37	34	24	36	25	31	19	32	26	26	15	20	33	17	19	39	38	40	25	32	37	34	35	33	19	31	32	17	16	25	39	11	25	11	29	22	34	28	21	37	27	19	29	33	33	21	21	23	22	31	17	27	37	37	24	35	11	14	33
19	35	15	28	32	17	32	18	33	33	24	26	25	40	17	13	12	27	37	35	37	13	30	27	21	11	31	36	21	40	19	33	36	40	23	40	36	24	40	36	29	34	29	16	30	27	35	23	13	12	36	34	39	22	11	39	14	16	20	27	20	17	21	29	21	25	20	40	19	19	23	15	24	27	30	30	15	13	30	37	36	18	11	21	24	19	39	37	33	37	12	13	36	18	30	39	15	40	29	25
33	22	18	33	16	13	13	31	12	36	30	29	25	30	32	36	34	13	19	39	40	38	24	18	25	12	12	18	37	29	34	26	37	32	34	11	27	36	36	30	24	19	13	18	37	20	16	12	22	15	12	37	29	26	37	36	35	31	30	29	40	31	35	15	29	39	40	30	28	23	21	12	17	28	17	14	32	26	34	14	25	20	30	35	13	12	28	32	18	39	27	12	36	15	28	34	26	37	33	38
32	32	34	37	21	31	11	37	20	38	38	23	35	15	12	15	33	38	17	21	22	29	20	17	25	29	20	31	17	24	30	32	38	28	12	23	12	36	19	12	16	13	24	32	31	15	29	28	18	16	13	15	23	34	40	30	38	12	16	39	11	38	15	34	18	19	40	31	24	21	30	13	19	35	30	36	27	13	16	37	30	25	21	32	40	14	20	23	29	15	19	19	18	18	26	26	29	36	37	31
17	17	22	21	30	35	24	17	29	18	17	24	39	27	33	36	33	17	17	31	21	36	23	16	22	18	39	30	29	26	36	38	14	33	28	34	17	30	26	38	19	24	35	32	35	25	39	27	26	18	26	13	33	35	11	31	19	14	30	33	39	15	40	26	35	37	21	35	23	36	27	21	11	17	32	22	33	38	32	22	19	37	18	29	39	34	25	29	22	14	16	32	14	39	13	37	28	38	21	18
39	39	20	18	13	18	39	27	40	29	29	19	34	18	19	18	27	14	22	11	40	40	31	39	34	27	36	39	18	33	28	23	34	36	39	20	34	15	31	37	24	34	33	23	17	38	12	36	31	21	17	11	14	40	27	21	20	12	37	36	12	27	17	13	20	13	37	17	16	39	12	31	40	13	18	35	14	36	22	11	35	14	17	18	22	12	26	38	19	27	24	29	24	20	20	11	35	37	31	40
14	19	31	24	28	20	18	24	22	34	18	14	25	18	29	29	13	19	21	16	28	33	12	32	19	13	27	27	36	20	25	40	23	21	26	39	34	14	38	16	21	15	28	24	33	17	15	22	32	27	21	33	28	39	39	16	14	20	27	31	20	13	36	26	29	14	29	22	23	15	32	33	17	40	17	16	31	23	14	27	16	32	14	33	31	37	11	28	33	37	34	14	12	23	11	36	23	39	37	40
11	24	22	12	26	28	20	21	28	37	18	14	17	11	16	34	23	13	28	39	31	40	18	29	29	12	27	36	27	18	24	17	24	18	36	22	40	34	22	36	27	21	20	26	39	14	36	31	31	31	26	19	19	39	21	12	32	28	40	15	16	27	21	40	26	30	16	36	23	28	25	11	30	32	13	37	26	14	16	13	32	25	25	33	19	30	11	28	19	37	40	37	39	16	40	14	18	34	20	30
12	14	32	12	18	12	20	23	23	24	13	18	14	12	18	12	23	27	30	35	36	37	36	18	37	26	12	40	14	24	22	12	34	20	22	28	33	32	14	24	20	33	19	15	22	34	33	32	14	36	33	21	22	12	28	32	37	12	25	12	12	14	22	14	13	25	33	19	20	18	22	36	12	21	15	37	40	30	24	27	32	26	39	38	30	25	19	15	29	35	12	29	13	14	28	16	19	17	36	34
29	23	34	30	28	27	20	18	16	33	18	30	39	23	24	14	30	28	31	16	38	29	26	21	14	13	17	14	17	40	26	23	37	17	35	29	25	34	17	12	32	25	39	32	13	19	22	21	16	12	25	13	30	12	23	17	37	12	23	22	29	29	27	24	31	22	18	21	25	23	23	11	25	27	36	15	14	28	17	12	19	30	12	21	30	35	23	17	16	22	11	33	37	24	16	33	28	29	12	31
27	32	25	29	14	40	29	20	33	14	37	35	37	20	32	30	20	37	40	23	28	40	24	35	28	31	22	30	27	36	13	40	11	13	27	15	39	21	26	37	23	33	25	23	14	19	21	21	21	15	27	35	36	32	23	25	38	20	25	16	21	14	34	39	17	16	38	19	38	39	18	16	13	27	36	18	38	34	12	25	31	23	11	33	40	33	12	21	18	40	40	30	27	23	29	35	32	14	17	26
40	11	30	25	28	30	27	31	21	35	38	11	38	18	25	37	35	18	19	20	20	17	20	11	22	26	40	31	13	24	39	36	31	38	11	33	24	40	31	27	25	34	19	36	18	25	15	18	19	25	27	37	39	25	15	35	30	11	16	34	34	25	37	30	18	13	30	33	32	39	11	22	25	29	21	30	36	18	21	15	31	20	14	32	31	17	13	37	15	40	29	32	35	16	21	25	19	34	13	37
39	40	38	36	17	15	12	21	34	36	40	27	29	38	19	39	27	19	34	20	23	37	39	35	39	38	23	13	21	26	37	24	19	20	16	24	32	38	31	12	29	26	24	29	17	40	15	13	25	29	32	29	29	11	17	17	22	40	17	20	19	22	11	39	24	35	38	19	24	12	19	17	40	27	23	37	21	18	20	11	30	21	22	24	34	15	11	24	39	19	17	29	20	35	16	36	17	15	32	35
22	18	37	12	25	15	23	13	34	40	40	26	31	12	38	25	26	23	28	13	38	15	35	34	16	11	28	29	25	34	35	29	40	27	22	13	16	22	19	29	12	38	24	24	12	29	29	21	21	39	25	20	16	13	31	35	28	19	14	30	38	31	30	14	15	32	15	20	33	26	12	11	12	18	27	19	33	27	17	29	16	32	18	14	19	27	17	12	13	32	22	25	28	11	24	20	30	18	34	31
37	31	30	39	11	34	35	34	21	23	22	26	29	27	16	24	19	15	35	19	25	23	38	24	15	30	18	21	38	27	17	25	26	17	16	21	12	31	32	14	18	15	38	23	26	11	13	20	14	35	13	28	37	28	28	29	37	23	12	16	36	17	16	34	33	21	36	35	17	29	30	34	26	19	26	28	40	14	18	28	27	22	36	38	37	37	32	22	16	13	29	34	19	31	30	19	39	36	14	24
14	39	23	14	34	40	18	32	34	18	29	19	24	14	14	29	26	22	28	13	19	22	20	17	30	35	11	27	33	15	40	15	18	39	18	15	20	14	28	24	24	17	24	17	25	15	30	26	36	11	37	25	17	26	29	21	29	19	36	30	22	27	34	36	30	23	22	29	35	18	33	32	38	15	35	11	22	18	38	38	26	21	26	16	25	14	15	37	16	24	18	29	32	15	17	26	22	35	20	18
19	19	28	26	36	37	35	31	26	24	16	38	19	23	33	37	22	20	28	19	31	11	31	23	39	16	18	17	38	20	35	37	31	25	28	20	20	32	31	19	20	15	11	14	22	17	36	30	20	20	11	30	36	23	25	25	23	27	23	15	17	11	33	17	23	11	28	13	22	23	26	18	32	20	16	33	38	20	34	31	37	11	30	32	21	12	35	23	14	25	35	17	28	35	25	17	31	31	26	25
30	39	33	32	25	29	24	31	20	33	25	20	22	13	40	12	38	35	24	26	25	27	28	15	30	25	39	20	36	24	11	12	28	38	17	11	15	36	28	15	40	25	18	12	29	22	11	27	39	32	35	23	23	15	13	18	38	17	29	19	31	31	18	36	31	40	25	12	19	11	32	31	17	27	16	14	14	34	28	38	16	15	31	16	18	18	31	21	25	21	17	14	22	37	13	19	15	16	29	32
25	33	28	40	30	32	23	16	32	27	37	14	12	15	14	33	38	20	23	27	27	26	37	27	12	38	34	11	20	28	34	35	32	17	20	35	29	16	34	30	39	39	26	27	22	35	23	13	28	15	19	28	18	12	27	26	40	11	19	24	22	30	24	25	34	29	39	15	13	40	27	34	32	26	29	29	22	13	38	13	24	11	30	15	28	20	27	13	22	33	34	39	26	18	30	11	21	14	39	17
39	23	12	12	24	26	24	25	14	19	26	31	20	33	17	34	29	27	24	12	32	13	24	23	23	19	21	29	12	28	16	21	33	33	12	17	32	26	17	31	31	40	20	26	14	30	17	38	28	28	38	11	32	24	32	23	25	38	11	13	38	33	30	24	33	27	14	22	39	38	31	24	23	32	24	37	16	25	34	19	32	27	34	30	17	15	32	29	21	21	17	14	23	19	29	22	38	13	21	11
32	35	32	22	36	32	28	17	22	31	30	26	15	12	35	34	30	15	12	23	37	23	23	13	11	16	36	25	27	12	26	28	38	39	19	29	37	27	21	24	23	25	33	14	32	29	17	31	13	30	22	33	39	25	31	37	36	11	31	33	35	22	29	36	23	35	15	21	18	24	34	37	39	20	14	29	19	39	17	20	11	19	26	37	19	18	27	15	28	27	35	24	38	21	29	19	13	12	15	25
13	21	38	39	14	26	12	38	13	16	12	36	40	12	21	16	28	33	38	25	18	27	28	33	36	29	20	27	23	22	38	17	18	40	28	39	12	14	37	23	32	35	36	23	25	32	22	15	13	22	17	38	19	24	21	20	40	11	28	15	14	40	37	39	18	37	40	14	23	13	22	34	36	20	34	14	23	27	34	11	24	23	16	23	16	30	24	13	14	13	18	36	11	35	19	27	11	13	26	32
35	28	30	13	20	15	27	29	23	27	16	38	20	13	21	14	15	31	32	39	27	24	34	25	32	30	14	35	30	12	35	35	36	27	37	36	13	40	16	22	38	24	32	20	11	24	25	24	26	12	17	22	12	11	36	22	23	22	26	28	39	15	16	37	17	17	21	11	34	35	15	33	21	33	13	31	38	16	38	26	29	30	36	14	20	27	12	40	31	25	35	36	20	35	12	34	22	15	19	34
24	36	17	33	18	18	31	12	16	36	36	25	40	33	34	27	18	32	38	31	32	28	18	17	16	21	35	14	12	33	13	36	30	18	22	34	17	17	37	26	23	19	16	16	14	16	11	37	31	36	19	28	36	17	26	22	19	38	13	14	33	29	39	38	26	26	33	11	18	29	13	20	25	11	22	14	13	19	20	22	11	34	23	14	35	36	32	40	24	15	33	23	32	36	23	19	16	30	33	22
20	23	37	29	11	33	28	18	33	38	15	11	21	24	30	18	35	24	27	29	30	24	29	29	24	30	23	39	36	37	27	14	16	24	18	16	20	31	19	23	27	27	21	20	12	34	27	12	16	39	13	31	24	15	31	31	29	13	40	12	22	25	29	28	24	39	12	11	29	27	17	27	28	34	26	18	14	21	26	19	34	30	30	28	30	13	17	17	31	38	36	36	15	13	29	37	31	28	35	16
13	19	28	39	20	21	39	15	22	24	36	36	38	25	25	40	25	17	39	34	37	16	23	38	26	27	25	18	22	34	18	18	17	19	23	40	17	16	15	33	12	13	36	40	20	21	36	18	29	12	38	20	21	20	36	24	25	27	11	22	11	22	29	24	18	31	29	17	14	29	36	34	12	32	14	15	40	37	18	26	40	36	18	31	33	30	40	13	14	36	40	27	38	32	18	21	37	14	15	34
23	19	23	24	32	23	22	36	32	14	16	37	25	16	11	33	31	31	21	12	32	24	28	27	13	26	34	34	11	31	40	37	31	21	24	11	26	35	20	34	40	26	28	14	29	34	23	24	19	23	31	20	25	32	33	30	16	14	14	38	36	22	36	35	14	13	40	12	25	35	13	17	26	20	26	16	36	29	33	37	20	16	24	19	29	34	12	22	34	33	40	38	23	18	35	25	25	39	38	18
12	32	31	27	13	26	17	39	34	32	19	35	35	37	25	31	36	33	28	38	23	22	14	26	33	13	32	17	30	33	31	33	22	20	32	39	12	27	23	17	17	18	16	34	18	23	20	31	32	18	37	17	19	36	22	12	28	30	23	19	27	31	27	22	20	32	27	29	17	30	21	22	18	17	37	32	19	31	36	12	14	29	28	11	28	33	25	29	25	20	34	14	23	23	21	32	36	40	35	38
20	21	37	13	38	20	21	29	12	36	39	12	16	24	14	29	11	36	14	12	33	34	19	18	39	14	29	21	14	22	28	34	24	19	14	17	23	12	38	37	33	16	18	16	33	29	36	31	12	14	31	34	27	35	36	32	39	22	33	27	14	24	18	15	39	11	26	37	29	17	40	39	36	25	36	16	40	37	17	17	17	33	15	13	34	35	15	11	21	40	20	27	34	15	35	30	39	26	21	18
32	38	18	13	37	20	22	15	28	32	12	33	13	18	12	31	38	34	31	38	33	40	34	16	18	30	33	30	16	34	27	29	33	30	36	22	15	18	35	21	18	12	15	26	30	24	38	31	17	31	25	23	32	37	13	35	22	30	18	35	14	12	22	15	23	34	33	23	18	37	34	27	38	33	17	40	26	37	11	40	17	33	39	16	30	11	21	39	39	23	33	33	14	23	23	26	34	31	24	40
22	14	40	33	16	25	35	28	11	27	15	13	27	15	32	22	39	12	40	33	24	27	12	39	16	32	29	11	37	35	18	26	30	30	35	30	30	13	24	32	12	34	17	35	25	21	15	32	16	20	29	36	39	19	31	22	13	37	38	25	29	14	21	16	18	34	28	36	37	33	12	36	33	31	37	15	24	16	38	28	18	33	17	12	34	12	31	19	34	27	14	34	33	34	38	13	33	15	30	34
19	13	40	15	25	35	12	36	15	40	21	27	36	24	34	19	28	28	39	13	38	39	12	18	15	19	38	35	20	21	16	21	17	12	19	24	11	15	16	36	21	35	25	23	16	33	29	33	26	35	31	33	34	33	38	19	35	27	39	38	24	14	16	18	25	22	16	18	26	25	22	34	31	23	19	38	13	36	30	28	24	15	24	11	33	34	11	25	17	36	25	26	12	17	15	16	36	18	36	34
35	38	27	13	26	32	24	33	37	37	31	24	31	28	12	30	23	30	32	39	29	33	37	35	26	27	27	19	26	24	40	36	39	39	30	22	40	27	17	11	19	36	32	29	16	34	32	15	16	33	12	32	14	36	36	14	34	28	23	33	21	35	30	17	15	26	15	31	24	34	36	38	16	18	34	30	30	13	35	38	35	22	27	21	28	39	17	23	37	15	37	36	38	38	12	23	30	13	17	38
34	27	40	12	13	15	37	17	20	25	25	29	21	40	19	12	31	15	23	35	31	36	22	31	12	20	22	37	39	14	29	28	29	24	26	36	29	35	24	11	17	14	19	19	22	22	36	31	34	39	40	33	13	26	17	30	18	30	34	36	37	33	28	28	32	30	22	13	27	26	29	26	26	25	23	25	23	24	26	16	18	40	21	34	16	19	22	26	26	30	17	22	31	19	40	27	32	38	19	18
35	39	19	15	40	19	29	31	38	25	40	33	23	36	24	19	32	25	37	37	20	34	36	16	38	40	27	35	15	40	26	32	15	37	21	19	22	39	35	35	18	25	14	20	36	28	24	39	17	33	33	26	17	22	34	23	36	30	11	38	16	24	31	30	16	33	39	25	17	20	14	30	38	12	26	21	40	17	31	38	40	36	33	15	40	17	22	16	20	36	40	32	19	17	36	29	36	28	32	30
34	25	19	12	16	28	23	34	26	22	30	12	33	20	15	28	33	37	19	23	18	29	12	31	22	31	27	26	38	16	21	26	18	40	20	38	28	17	26	35	26	21	30	31	15	20	31	40	12	16	27	35	36	39	25	37	37	12	40	31	31	18	31	25	34	30	36	36	24	39	32	38	22	40	31	26	40	13	29	16	28	21	33	17	20	15	29	23	38	30	24	33	20	25	37	20	32	15	35	11
28	26	29	27	13	23	23	35	36	26	39	18	32	39	17	16	22	19	31	29	11	31	22	22	23	31	30	36	18	34	39	14	23	40	37	37	11	37	31	28	40	23	39	13	33	25	14	25	17	38	16	11	21	34	14	26	32	15	34	30	21	17	22	35	20	38	18	31	15	25	34	16	21	34	39	25	36	16	30	13	14	26	35	29	38	25	34	33	19	34	38	27	17	18	16	20	30	30	22	12
12	13	36	20	34	24	29	22	25	40	31	13	17	29	27	35	30	31	31	19	30	26	20	26	23	25	16	31	12	12	28	38	29	31	12	16	12	26	21	15	37	20	12	18	21	28	29	16	13	20	25	19	33	24	15	30	16	29	18	20	26	28	33	21	27	24	39	34	32	33	18	23	19	39	39	26	15	33	13	21	12	31	34	22	18	39	31	30	22	37	19	39	36	12	13	33	21	19	29	28
38	15	12	16	17	27	38	12	12	21	34	30	34	30	29	22	35	36	32	12	23	19	24	30	28	11	18	13	15	37	16	30	17	35	39	38	20	39	33	39	14	22	37	38	18	18	30	21	38	15	35	17	21	15	22	38	17	19	33	15	15	39	22	13	14	32	25	25	35	14	31	26	26	29	11	33	27	25	39	22	17	24	30	11	14	23	38	28	35	16	31	22	19	15	33	12	29	11	24	26
12	30	11	22	33	21	25	19	12	26	25	21	28	29	40	38	31	19	22	16	32	27	14	13	26	36	31	31	40	35	38	24	29	13	12	32	25	26	15	14	31	11	19	13	29	40	35	15	28	29	14	30	16	16	30	33	26	37	26	32	16	34	26	23	15	18	32	17	22	32	33	15	35	25	40	13	40	14	39	11	40	34	38	16	19	13	35	22	13	29	20	15	24	12	21	31	33	24	38	12
37	34	24	26	32	15	34	30	35	27	15	32	27	14	22	27	23	17	21	18	29	18	37	36	17	25	24	25	34	15	15	11	15	28	37	12	27	14	36	32	24	32	24	15	37	13	21	31	35	19	19	16	20	17	15	19	28	29	27	39	24	13	33	26	18	16	34	23	36	25	34	37	32	26	40	35	36	17	11	26	23	33	18	12	34	29	22	27	30	15	22	14	38	32	29	30	38	21	16	21
26	16	17	36	33	30	19	16	23	30	34	17	19	18	26	14	21	21	15	21	24	33	21	35	23	19	20	22	16	18	28	37	27	36	24	14	16	28	25	19	35	39	29	22	27	30	23	27	23	36	14	18	13	16	27	26	35	27	15	27	30	39	27	34	21	29	20	36	17	17	16	27	32	27	11	14	31	25	31	28	20	36	12	15	13	39	30	28	32	21	23	35	37	39	15	14	29	18	23	31
38	26	22	34	15	34	16	31	25	32	21	37	23	36	16	34	28	39	18	32	34	34	26	24	24	21	36	26	37	39	27	30	14	16	23	17	30	31	16	32	35	24	40	27	12	29	27	40	19	23	13	19	19	16	38	27	29	15	12	24	33	16	39	28	28	31	30	21	34	26	29	33	33	36	12	30	28	23	12	25	14	25	34	27	15	31	28	29	29	38	38	19	19	14	35	38	33	24	22	36
37	37	29	14	17	36	14	35	39	35	40	30	21	40	23	11	23	22	37	30	33	25	29	23	32	27	14	11	28	16	30	34	26	39	40	23	30	16	34	11	23	23	33	33	37	11	16	15	38	27	27	18	37	34	18	20	15	40	21	26	19	23	26	39	18	24	13	26	27	23	26	21	31	28	27	15	27	27	23	23	34	24	19	21	31	24	21	27	32	38	15	31	20	40	30	16	39	21	14	16
16	33	13	12	22	32	35	20	15	27	14	29	23	21	34	25	11	26	28	20	15	18	15	40	16	35	28	19	24	32	16	38	40	36	31	27	38	13	12	35	15	21	35	18	31	32	33	19	28	26	12	14	30	18	21	35	29	28	17	11	26	28	17	40	11	35	11	30	14	14	13	28	34	40	35	40	16	27	32	17	18	24	13	31	27	17	34	37	40	18	15	20	25	15	38	25	18	37	39	33
17	17	15	17	38	37	20	20	28	28	27	35	37	11	26	24	34	34	11	35	37	27	35	27	22	22	36	30	33	35	25	16	18	28	31	32	23	15	26	19	14	25	26	40	37	28	26	15	23	26	30	32	16	27	35	15	25	25	22	32	19	36	13	37	24	38	21	14	28	22	20	38	16	19	25	27	13	13	26	19	31	14	26	22	34	12	29	31	19	32	24	16	27	31	40	34	33	11	14	19
22	26	38	36	21	37	13	26	17	29	27	31	11	19	12	37	22	36	33	20	15	18	29	34	38	32	13	39	39	23	26	15	36	12	38	35	11	12	30	13	11	11	25	38	30	35	27	34	32	12	39	39	31	25	19	30	29	12	37	25	23	30	21	21	40	40	12	22	12	14	39	27	14	40	17	38	34	40	29	14	15	25	17	14	27	28	19	25	37	19	37	12	16	30	35	23	13	32	39	27
40	17	26	16	26	25	19	15	11	22	16	39	37	24	40	37	39	33	19	26	28	12	11	29	40	16	34	13	30	37	16	18	15	30	35	35	15	17	40	36	13	21	30	20	23	18	37	25	40	24	39	15	34	23	24	33	11	39	14	35	20	31	37	17	19	13	37	19	34	37	34	17	26	38	21	21	23	33	36	28	26	19	18	37	31	12	36	37	34	17	23	28	11	30	14	13	39	35	17	31
22	25	13	33	21	17	39	16	39	13	35	12	16	20	26	17	22	27	31	20	38	20	35	34	14	30	23	19	18	22	20	35	17	23	29	25	14	37	24	22	30	26	35	34	21	27	16	19	20	28	12	26	23	38	24	33	33	13	17	28	14	40	12	31	38	23	12	23	25	22	12	28	32	24	14	19	36	38	21	12	17	25	19	13	39	39	29	27	15	28	35	33	38	20	23	11	11	11	26	16
21	19	15	37	29	40	35	33	36	12	22	22	11	26	39	24	30	24	30	13	25	15	18	31	26	19	27	28	18	29	24	16	35	22	31	37	27	40	32	13	38	26	22	30	33	14	34	22	39	20	35	39	13	24	39	22	23	34	32	14	22	16	12	29	21	23	32	13	37	40	18	13	34	39	25	11	30	19	14	13	33	19	26	15	17	28	16	25	13	34	31	23	36	40	31	30	21	23	28	39
15	32	21	13	16	16	32	13	37	14	26	15	14	18	12	22	39	12	34	21	21	23	11	12	21	24	21	32	28	27	12	19	31	15	12	11	24	29	13	34	27	22	20	40	31	14	14	29	13	35	32	40	25	25	27	32	14	28	28	16	25	15	22	18	37	11	33	34	38	39	39	11	26	34	32	11	30	19	29	23	39	14	15	32	13	36	35	39	29	16	15	17	39	28	35	36	14	13	20	23
30	21	33	12	13	28	34	20	16	22	14	22	18	34	14	38	23	11	22	24	17	18	22	24	34	15	35	33	15	28	17	18	34	15	33	34	31	20	34	16	39	32	20	17	16	11	38	34	26	26	33	19	15	11	12	36	16	39	11	39	14	23	13	35	28	36	22	27	33	24	12	23	35	15	32	14	17	38	20	30	34	20	12	11	34	33	19	24	19	39	20	34	38	33	33	33	35	12	27	32
27	11	25	19	22	34	39	33	37	18	29	11	30	15	27	24	20	13	22	14	23	11	38	35	35	18	15	33	30	23	33	15	24	29	36	29	11	16	13	18	12	32	19	35	24	39	37	21	34	36	39	23	20	26	39	31	20	40	32	34	22	12	27	29	13	38	14	13	31	14	14	24	17	23	35	40	21	23	29	17	12	30	38	18	21	27	19	11	32	21	39	13	23	20	26	38	24	35	20	37
33	39	35	16	34	29	24	40	23	12	15	25	34	28	38	11	19	29	19	18	29	33	14	19	34	26	34	21	33	15	33	40	38	22	12	14	40	19	25	18	23	18	35	35	21	23	28	12	38	20	33	38	22	12	33	22	39	37	15	38	40	22	19	17	12	20	11	20	27	36	14	40	40	13	28	16	17	24	14	36	26	33	34	34	37	19	31	39	15	19	25	37	15	37	39	33	12	32	11	18
22	25	11	34	21	16	34	30	11	17	20	37	20	13	24	36	18	17	30	21	23	16	16	13	24	21	36	22	31	20	38	23	32	17	11	36	14	15	21	14	30	21	35	32	23	16	16	21	20	35	16	20	19	34	31	30	15	21	16	27	38	39	13	34	37	19	36	26	34	12	35	26	22	29	14	23	18	25	32	21	15	33	32	16	27	25	35	19	15	28	17	16	37	20	17	15	22	26	15	14
30	16	32	28	12	24	34	19	16	26	19	21	15	38	40	13	24	40	23	39	12	34	39	40	26	36	12	25	36	12	38	23	23	30	26	18	34	30	35	12	30	13	36	25	37	32	38	39	24	24	27	33	22	25	23	17	34	28	13	13	15	12	33	36	40	37	23	25	29	13	12	25	11	19	16	35	15	16	14	38	34	33	20	16	34	38	11	20	27	34	32	25	37	34	21	12	39	39	12	30
25	17	15	37	16	20	18	39	29	24	26	31	23	29	33	16	21	15	29	25	32	17	35	13	28	30	33	19	40	21	39	35	39	13	24	28	29	26	34	26	13	30	18	39	14	14	12	11	27	26	28	39	14	39	26	18	13	40	14	35	15	17	19	12	37	37	40	17	23	34	13	31	36	39	33	25	12	39	11	24	22	25	29	28	11	12	24	23	18	34	30	23	25	24	36	23	13	35	38	12
23	22	31	28	28	26	17	36	29	18	32	39	40	32	34	34	39	25	13	22	27	39	18	26	33	27	40	17	15	21	17	22	27	36	26	12	22	31	34	18	27	17	35	14	35	26	11	16	23	12	18	22	21	16	40	21	40	29	39	32	32	32	40	18	31	26	39	15	28	27	14	24	28	13	37	36	35	24	12	25	24	14	26	27	35	24	21	28	32	31	23	25	30	17	40	17	31	17	16	30
23	38	31	19	28	22	30	19	39	25	35	26	25	37	16	40	36	28	25	22	34	29	13	18	25	21	20	13	14	27	25	38	12	40	20	13	19	21	31	12	28	26	39	12	30	11	11	25	17	37	34	16	25	22	25	40	11	39	23	25	40	28	29	36	11	12	11	15	28	35	11	11	36	23	14	19	19	13	13	24	15	39	40	34	33	18	31	39	28	11	37	32	39	30	40	30	27	17	31	34
12	38	13	24	40	32	19	17	22	32	18	16	19	18	17	32	21	34	16	20	22	11	29	34	19	26	25	14	29	40	29	40	29	40	26	21	31	35	18	23	37	17	37	23	18	20	15	26	19	31	26	34	17	33	34	38	23	12	17	29	20	32	26	37	30	24	12	28	18	23	26	17	32	21	25	26	13	17	19	30	27	36	29	38	23	18	15	24	26	19	14	26	21	28	24	14	32	22	34	24
34	34	16	18	27	12	32	30	16	24	34	22	26	18	30	29	17	26	40	29	23	37	35	14	26	16	36	33	38	27	24	19	18	33	11	36	24	39	21	17	16	15	30	19	36	28	21	39	32	38	21	33	29	19	29	11	38	33	34	39	35	37	20	12	22	12	31	30	17	36	35	11	19	29	20	35	18	18	29	12	27	33	20	36	34	38	36	27	12	29	33	26	29	23	19	28	34	26	11	15
40	35	13	31	12	27	24	22	18	19	34	32	23	39	21	36	23	29	25	36	12	26	25	14	31	26	18	24	27	26	39	29	37	32	25	32	23	32	21	22	25	11	32	11	40	36	35	37	33	26	33	37	16	13	30	16	33	30	12	30	18	25	28	19	28	14	35	37	35	40	16	13	39	22	23	35	25	21	24	38	26	29	40	29	25	13	32	11	17	19	40	33	20	34	31	32	31	19	11	28
18	21	29	19	22	34	16	27	39	17	30	25	25	36	39	18	22	31	11	29	38	11	16	15	34	39	24	11	12	26	18	21	28	39	12	14	32	13	24	18	33	11	26	23	22	18	22	14	35	23	14	32	23	22	20	18	17	31	39	36	37	33	32	25	30	12	15	27	11	14	39	29	34	19	33	36	36	25	22	12	29	14	39	24	21	19	25	35	38	12	20	40	23	38	36	30	19	33	24	26
32	27	36	30	40	27	24	39	36	29	27	23	35	39	13	29	27	37	24	15	22	40	27	20	37	28	21	39	36	20	15	24	20	33	28	37	29	28	34	20	16	11	29	15	33	33	12	27	31	19	33	21	32	12	39	37	34	35	21	16	13	16	12	23	22	39	20	39	15	38	11	22	15	11	38	16	20	20	22	11	34	38	36	17	34	11	26	23	22	32	35	24	32	15	31	38	36	18	12	30
11	39	34	22	15	22	35	40	39	21	17	23	14	29	36	18	14	12	24	18	19	15	35	34	18	17	14	39	30	14	27	14	22	18	12	23	23	16	19	20	28	37	25	38	37	18	29	30	27	16	16	39	23	25	38	23	18	26	38	30	38	32	28	39	16	32	15	38	34	13	24	28	24	35	29	16	11	21	26	36	14	30	31	30	19	17	35	23	21	30	40	37	15	27	38	15	30	23	13	12
18	32	14	13	30	25	28	26	27	19	26	12	12	18	40	25	21	19	17	29	30	35	25	26	34	16	30	15	25	31	23	38	15	24	24	12	13	21	35	25	30	24	21	14	32	15	37	33	38	30	22	35	18	16	13	20	15	18	31	30	21	35	35	12	39	29	21	27	16	20	13	16	23	30	25	18	18	39	30	16	13	25	15	11	35	34	18	37	38	16	23	12	11	26	31	23	40	19	25	39
38	33	27	16	30	36	40	16	12	30	22	40	23	29	31	35	39	37	31	32	30	22	13	32	17	24	39	34	29	35	15	16	36	35	21	35	29	27	28	20	21	26	24	15	28	39	18	13	23	39	40	23	39	29	35	16	17	40	39	40	17	13	34	17	36	13	17	37	31	32	33	31	34	22	15	31	19	21	14	23	15	23	20	32	29	15	39	30	12	16	37	21	29	11	20	22	13	24	13	17
25	18	16	32	18	12	13	19	31	22	32	27	34	15	22	11	26	37	37	12	30	36	33	20	25	28	22	25	34	26	27	27	31	30	16	40	14	38	25	17	14	31	19	13	22	16	23	20	35	37	34	15	17	32	40	16	17	30	21	22	17	15	14	11	37	27	27	21	39	38	34	40	40	15	20	14	30	36	17	16	29	33	30	21	28	19	17	26	33	12	35	33	20	36	13	16	22	26	21	40
12	31	33	21	40	20	27	28	33	17	21	40	19	29	16	13	18	40	20	13	13	18	12	39	27	32	22	28	12	16	32	36	32	22	11	39	13	14	28	39	22	22	35	16	36	39	12	35	27	14	34	40	20	24	20	32	27	35	20	24	28	31	16	28	17	15	31	28	11	38	15	16	14	26	27	17	23	22	30	25	24	35	17	39	12	27	11	21	11	37	37	32	35	12	36	21	13	33	39	23
56	65	77	1	27	19	34	69	91	26	53	67	46	48	59	88	71	82	54	70	84	51	2	33	64	81	89	99	42	87	86	7	57	41	96	63	78	24	13	10	14	58	29	44	16	38	37	92	4	85	61	21	43	20	15	25	31	6	47	3	75	66	39	94	40	18	93	28	35	62	95	22	60	17	36	80	52	30	12	45	72	74	11	97	76	83	5	55	98	23	49	90	8	50	73	9	100	68	79	32
83	20	51	15	77	55	3	62	98	44	11	99	68	28	78	88	12	23	67	79	8	91	25	22	94	50	69	56	35	34	17	43	54	64	63	13	48	32	76	42	40	24	73	27	96	37	19	18	66	2	46	97	45	36	100	71	58	85	39	82	65	4	92	30	1	41	10	87	80	31	72	95	21	5	49	61	7	9	93	59	53	33	6	70	16	26	75	89	38	60	86	52	57	29	74	47	14	81	84	90
22	92	50	10	91	1	8	64	39	93	42	44	82	20	72	62	84	23	54	34	25	66	51	71	21	38	96	85	5	11	37	27	58	15	67	80	4	52	33	87	32	7	65	48	46	90	63	95	60	17	12	30	45	86	57	6	3	70	19	75	94	40	28	41	68	53	35	24	55	43	9	14	74	81	79	2	56	16	78	76	31	97	47	77	73	83	88	89	29	61	36	49	100	13	26	99	98	59	69	18
8	42	25	29	47	74	78	69	40	66	83	53	86	43	95	23	70	4	36	75	55	96	58	52	71	45	79	90	34	89	91	44	73	81	27	50	13	30	37	60	99	26	22	49	61	7	19	77	21	65	20	38	35	92	15	56	11	48	93	87	1	3	2	41	12	100	97	62	84	31	16	72	17	33	54	80	9	39	82	64	32	59	24	6	85	10	5	68	28	46	51	88	63	67	94	18	98	14	57	76
9	89	96	55	27	86	39	67	100	54	31	12	85	35	49	40	73	22	8	72	44	99	2	48	61	64	46	6	87	7	63	59	70	38	75	71	20	18	32	45	57	94	43	68	25	60	21	95	80	42	78	69	24	91	23	92	66	30	28	3	29	47	74	98	41	90	17	33	16	81	5	51	11	76	93	62	88	56	52	15	26	77	1	53	84	34	79	13	19	14	82	65	4	50	36	58	97	37	10	83
67	38	3	20	14	73	13	7	30	9	75	17	58	77	88	5	85	70	10	68	43	91	99	48	28	98	57	80	65	97	19	6	74	25	22	100	16	87	31	50	53	90	36	11	47	86	92	56	69	54	79	21	60	49	81	12	64	39	66	93	41	78	18	96	94	95	82	71	44	29	27	32	24	35	34	63	15	45	23	76	89	72	4	2	59	40	46	1	84	51	83	55	26	52	33	61	42	62	37	8
30	41	48	59	26	69	96	82	20	17	68	97	75	88	89	80	77	49	53	45	95	33	54	6	52	34	24	99	74	79	73	19	1	40	100	47	50	27	28	38	76	21	36	65	3	51	23	92	15	31	16	22	2	5	12	66	72	87	67	7	86	8	14	32	42	57	64	93	83	25	91	46	10	60	63	44	62	98	55	85	11	13	56	9	18	29	58	78	71	37	94	43	35	84	81	70	4	90	39	61
2	48	100	12	66	40	8	1	95	11	37	99	98	31	17	30	38	27	39	85	32	45	15	67	9	54	43	42	75	84	23	83	77	5	74	16	22	94	90	86	26	69	55	10	82	35	3	44	63	91	49	68	36	14	92	19	64	41	53	7	29	87	25	58	57	34	60	88	56	96	50	71	52	93	51	72	97	73	28	33	21	24	18	20	62	65	78	59	46	81	76	47	80	13	4	70	89	61	6	79
2	86	58	62	81	67	82	21	89	96	94	27	4	71	74	69	47	32	11	99	37	60	15	6	85	18	68	35	66	51	53	55	88	10	9	14	49	72	46	87	33	12	24	95	65	93	19	73	57	43	76	100	44	54	34	48	42	25	31	84	20	41	92	8	22	91	29	38	3	40	45	26	1	83	23	36	50	61	7	70	80	17	63	56	79	13	16	90	52	64	75	59	39	5	30	97	28	77	98	78
88	62	44	58	69	95	7	70	37	16	24	41	57	19	30	17	43	48	21	67	90	98	72	78	65	94	47	89	85	63	71	54	5	68	66	45	2	32	100	55	80	31	79	59	35	9	50	92	76	39	8	15	53	33	60	52	77	49	82	11	14	56	36	97	6	81	22	18	73	99	86	12	34	61	3	10	38	51	13	29	1	25	64	87	27	46	96	91	83	75	42	74	84	26	23	93	40	4	28	20
96	11	30	25	97	61	3	53	60	21	29	55	58	41	54	7	27	15	19	52	43	70	26	68	16	81	9	93	88	24	22	8	83	56	28	72	31	99	50	84	64	79	2	23	13	38	71	80	87	1	78	42	63	100	36	14	18	74	20	57	90	94	32	6	86	12	44	82	73	75	77	85	62	47	92	76	5	46	39	95	89	37	33	10	67	40	48	17	59	69	98	66	49	45	34	35	4	91	65	51
31	48	34	58	18	47	97	17	71	45	32	89	28	98	26	27	25	11	79	64	94	37	35	83	70	43	82	19	5	73	40	60	72	52	9	1	84	36	62	81	44	87	69	57	30	8	12	15	13	68	42	92	4	90	91	7	66	46	10	76	22	67	59	50	14	95	38	53	39	61	88	51	24	41	65	85	2	23	49	20	16	75	29	54	86	6	56	77	99	93	33	74	80	21	55	78	63	96	100	3
71	18	80	72	20	47	53	77	67	8	98	17	29	7	83	50	42	5	76	96	31	79	45	35	78	75	46	92	95	69	88	59	65	57	40	64	3	11	39	41	13	85	34	48	10	97	100	28	19	32	44	37	49	60	82	14	30	43	87	4	74	61	22	86	12	36	91	66	51	70	15	73	58	21	33	25	84	68	1	99	55	81	62	16	38	52	54	6	93	94	90	24	89	63	2	26	56	27	9	23
94	29	9	17	52	27	46	62	54	35	83	71	18	22	74	23	39	89	48	61	47	69	5	77	67	43	60	66	53	24	86	3	26	41	21	12	45	42	58	59	90	50	30	92	14	19	56	55	2	64	33	85	49	25	32	96	82	65	16	93	99	91	63	15	68	28	31	6	44	100	38	36	78	79	34	76	10	81	57	51	97	8	1	84	72	87	40	80	4	88	11	13	95	70	37	98	20	73	7	75
73	5	83	30	11	37	40	96	69	93	9	12	54	68	64	89	82	78	66	59	56	99	42	100	75	36	88	4	67	61	10	60	57	34	77	70	49	38	31	90	87	22	8	52	91	26	6	15	92	28	48	43	95	50	1	35	33	24	85	72	25	81	41	3	76	62	86	32	16	58	55	65	27	17	18	20	79	97	23	63	29	14	47	44	53	19	74	7	98	45	46	2	94	71	80	51	84	13	21	39
40	10	48	80	53	1	63	26	100	57	4	7	14	29	77	86	41	12	55	49	91	68	69	13	2	44	51	59	94	16	82	42	33	81	83	27	45	62	84	88	79	17	20	98	96	74	67	25	23	99	73	92	52	56	11	6	76	5	90	43	24	19	3	37	36	70	93	8	46	87	34	9	85	39	18	35	30	64	61	47	75	31	15	65	38	78	95	66	28	60	89	21	54	71	97	32	58	72	22	50
6	83	86	51	11	10	75	17	37	27	42	79	52	18	30	15	13	2	81	98	69	41	4	50	85	28	57	59	61	96	33	7	25	48	68	55	49	89	82	60	100	1	62	64	54	56	72	3	34	73	70	74	36	20	77	44	53	65	40	84	97	58	31	16	94	63	19	91	21	35	24	67	9	43	90	12	32	38	88	8	80	93	46	99	26	14	29	45	23	95	39	71	76	5	22	47	87	92	66	78
14	39	67	36	49	100	22	19	26	65	70	82	56	61	34	75	18	24	41	7	78	5	15	48	21	42	50	31	92	1	94	69	62	2	38	63	77	28	12	4	66	55	60	16	80	53	11	57	89	33	51	73	72	83	17	96	99	95	97	87	86	23	20	68	45	30	3	32	29	46	64	47	37	9	85	98	90	91	76	88	43	8	25	84	58	44	81	27	74	93	40	10	52	59	79	13	71	35	6	54
75	26	52	67	82	30	9	86	47	58	69	66	78	65	95	8	50	38	41	98	90	25	49	40	36	7	51	3	97	34	74	21	2	22	62	81	18	14	42	28	91	10	53	93	88	17	5	31	85	71	39	77	79	100	15	64	76	35	6	96	54	63	60	45	57	61	23	48	73	33	92	84	46	56	11	70	80	72	68	89	4	1	83	99	19	37	43	29	59	94	32	44	16	27	13	55	12	24	87	20
92	84	3	15	23	93	94	8	14	59	74	5	47	49	31	67	65	82	63	51	60	98	4	26	34	20	6	62	56	36	50	54	33	1	7	71	99	72	55	27	45	22	69	76	79	61	66	57	80	28	58	30	42	25	68	16	24	11	53	9	75	17	21	41	96	64	73	87	44	95	86	10	35	37	2	78	52	91	88	48	43	77	19	32	100	83	97	13	38	85	39	90	29	70	81	46	12	40	89	18
37	42	41	73	72	83	21	92	99	7	52	74	3	67	91	87	19	88	79	78	100	96	66	6	39	34	33	64	98	40	43	77	75	28	69	55	13	60	97	9	81	35	36	45	44	82	16	26	2	23	80	51	10	58	29	49	63	14	56	48	18	59	12	90	50	15	84	95	93	25	4	24	68	31	17	22	38	20	53	5	85	54	61	86	62	76	94	32	70	46	57	89	8	11	71	47	65	27	30	1
81	48	24	73	93	61	67	6	15	65	27	83	56	45	26	78	94	64	76	55	1	22	14	36	2	66	50	47	28	19	35	90	44	72	69	9	49	43	34	68	11	89	71	7	100	16	18	80	85	54	77	63	21	33	29	12	97	91	74	32	8	92	84	4	5	40	52	96	98	10	37	20	25	58	23	17	88	95	62	75	38	70	99	87	30	51	60	31	46	3	39	42	59	13	53	57	86	79	82	41
33	16	6	48	35	18	65	19	22	64	20	11	83	87	41	58	67	28	68	46	96	40	21	2	42	47	82	77	88	31	7	34	50	13	93	86	8	1	60	94	73	100	32	4	90	17	15	38	14	71	99	29	3	62	51	5	70	92	43	72	95	75	36	98	23	55	59	78	44	76	12	79	66	9	24	52	85	61	39	74	49	10	91	89	56	25	84	81	30	45	26	27	53	54	37	97	80	63	57	69
51	64	54	82	93	55	10	70	33	83	59	85	3	23	36	5	77	19	100	2	99	39	69	18	42	52	16	87	32	76	68	1	80	97	86	96	63	65	28	27	62	4	60	71	30	43	25	46	72	44	14	81	7	73	66	90	15	26	22	41	88	47	35	13	92	49	17	91	61	20	45	24	34	67	38	89	21	94	95	57	78	6	56	84	31	58	50	74	9	79	37	75	8	11	40	53	48	12	29	98
87	58	49	73	74	99	59	55	27	80	94	75	44	34	11	84	54	97	78	64	70	53	38	62	15	23	18	88	65	89	98	6	17	12	48	82	36	5	14	76	35	8	95	26	9	60	10	29	24	41	28	46	21	43	83	71	92	13	86	22	33	1	90	66	37	85	7	91	77	16	42	81	32	40	93	56	57	47	25	3	100	20	52	39	79	72	4	69	96	31	2	19	45	51	63	67	68	50	61	30
53	65	33	100	82	64	12	75	87	56	37	73	94	88	36	42	24	67	78	93	85	79	44	77	86	13	27	91	90	34	80	48	41	29	14	62	71	26	84	72	23	98	38	63	74	57	46	89	49	31	21	16	45	4	83	51	68	18	22	70	40	8	69	9	1	76	81	50	58	7	2	17	61	25	20	11	39	99	59	30	3	55	15	92	5	43	19	66	97	60	32	35	54	6	52	28	95	96	47	10
41	53	24	82	7	94	63	89	1	99	29	20	33	77	3	66	56	42	36	16	49	65	100	78	64	52	25	40	47	15	28	71	98	6	81	97	32	84	10	72	13	61	90	57	51	45	43	19	74	54	50	76	37	35	55	75	48	91	9	96	44	85	11	67	87	86	18	58	23	79	27	92	88	30	26	39	68	95	17	21	46	8	59	22	62	2	4	73	83	38	14	31	69	80	12	5	34	93	60	70
84	80	35	68	89	63	40	51	96	70	98	44	91	8	74	57	66	52	95	49	59	26	86	42	32	29	39	1	53	94	27	55	37	83	41	93	79	24	99	33	9	28	76	21	5	65	25	75	62	22	14	38	77	88	13	10	11	69	7	90	72	6	48	64	3	78	12	54	60	58	20	73	87	50	71	100	46	92	34	30	81	82	47	31	85	61	97	19	67	23	56	43	45	4	36	15	2	17	16	18
25	63	30	61	52	89	20	98	57	76	38	44	16	46	12	72	27	78	45	95	48	1	18	80	36	67	66	96	55	37	39	88	9	100	77	8	90	99	32	43	91	75	64	4	84	21	97	59	71	54	31	81	53	14	15	42	82	56	58	24	51	70	62	94	22	92	60	33	34	7	68	3	49	23	83	40	74	2	86	11	35	79	85	41	50	28	47	65	29	6	17	5	69	10	13	87	73	93	19	26
17	83	97	46	42	88	99	5	66	9	100	96	89	52	65	93	1	39	60	36	61	2	27	48	12	64	84	11	90	33	58	30	94	38	56	13	91	43	67	79	71	40	22	72	92	18	45	76	31	4	3	62	57	77	73	8	82	37	95	85	78	20	23	10	53	28	15	35	70	69	54	68	32	81	98	49	26	86	63	50	55	80	34	41	87	51	74	6	14	21	24	59	44	7	25	47	29	75	16	19
10	92	72	48	7	22	25	17	49	94	70	12	31	81	38	9	61	55	3	76	98	79	83	88	34	19	90	23	75	47	51	89	56	87	2	84	67	100	18	16	26	42	11	24	73	77	96	40	15	60	41	82	6	52	62	71	43	69	97	99	5	66	93	50	8	80	95	14	20	74	33	35	64	57	59	27	46	28	65	91	45	68	29	86	44	1	53	32	58	54	78	85	4	39	36	30	13	63	21	37
58	62	22	61	92	71	63	74	51	2	30	64	11	81	49	89	6	93	24	43	90	33	68	83	85	91	88	3	29	55	41	8	82	45	56	77	96	44	69	57	10	23	34	42	78	32	53	73	7	75	84	27	19	25	94	97	95	26	66	100	72	52	31	35	59	79	60	17	13	50	36	38	87	20	67	37	76	4	98	70	9	86	14	5	99	40	80	15	1	18	39	28	12	46	48	21	65	47	16	54
23	39	17	99	65	30	58	51	85	68	82	81	86	26	93	78	55	50	60	33	96	24	4	34	36	59	70	72	61	15	2	49	14	76	48	57	1	52	32	45	25	67	28	92	31	80	71	88	66	98	84	87	69	37	9	38	56	16	27	11	62	5	10	97	79	44	90	22	19	75	95	7	20	8	13	21	94	18	43	64	91	35	89	53	42	41	77	6	29	46	73	3	63	100	83	40	54	12	47	74
83	28	86	81	33	89	9	59	73	20	70	88	16	1	57	42	50	92	87	26	43	49	99	7	48	21	68	38	79	60	56	82	40	100	18	2	32	10	4	71	98	14	5	35	17	61	51	25	31	24	53	64	65	72	54	67	8	47	19	45	84	44	66	55	97	15	41	52	37	80	94	95	22	29	11	30	90	27	91	96	23	36	3	78	85	69	76	12	58	39	13	46	74	6	34	75	63	77	62	93
47	93	61	10	59	28	82	45	40	99	48	26	39	35	6	64	49	95	27	92	20	14	77	84	78	22	58	4	43	32	41	87	89	85	97	71	60	23	34	50	52	98	2	55	1	73	5	13	94	66	96	68	18	3	57	16	75	42	83	9	91	51	38	56	70	31	11	37	36	21	63	17	86	46	25	8	100	33	53	54	67	88	7	62	44	30	15	72	29	80	69	74	76	90	24	12	19	65	81	79
61	79	1	52	4	45	58	37	30	50	20	38	88	16	68	82	77	99	40	60	74	33	64	27	25	12	10	13	2	97	7	100	63	24	83	80	71	15	49	11	62	23	57	17	93	70	29	95	28	81	94	96	89	8	42	69	41	66	39	48	56	73	22	78	55	9	90	65	19	47	35	21	92	34	43	36	26	5	46	59	18	32	67	54	84	85	75	6	76	87	44	53	3	91	14	72	86	98	31	51
42	66	11	78	38	49	37	98	64	76	61	92	51	43	47	96	82	20	36	88	7	24	12	18	79	26	91	22	44	5	62	93	70	6	34	89	81	59	23	32	3	40	90	17	56	4	8	21	50	80	48	15	46	84	13	41	68	35	57	33	16	9	54	97	58	87	39	67	31	10	52	77	53	29	60	74	1	14	95	63	72	55	45	2	27	86	65	73	99	94	85	19	28	30	25	100	83	71	69	75
77	100	81	75	23	96	38	14	56	24	69	7	65	61	25	17	15	99	68	28	13	86	32	82	91	49	67	21	78	36	57	4	53	30	66	31	44	83	59	76	37	92	18	64	74	33	26	45	80	51	9	58	79	88	50	84	40	42	71	19	1	95	20	5	8	39	90	60	46	98	73	87	12	97	55	27	47	3	70	34	10	29	48	54	11	16	63	85	94	6	41	52	35	72	62	93	43	2	89	22
47	60	8	14	32	18	82	63	73	45	79	85	12	2	75	71	6	52	64	51	58	96	17	43	42	74	21	5	31	72	39	40	100	55	83	99	87	13	70	93	20	1	10	91	7	9	36	68	56	88	25	24	28	67	3	62	66	61	78	37	26	50	98	19	4	30	27	65	16	59	44	57	94	97	53	22	23	33	92	80	69	41	76	49	46	34	95	54	35	81	15	89	84	48	11	29	77	86	38	90
42	39	32	1	69	8	3	19	67	72	30	94	47	80	28	86	76	37	54	20	21	82	29	81	59	83	22	46	90	96	100	65	71	40	11	55	15	24	91	12	92	31	10	61	5	53	34	63	17	79	25	88	77	68	57	64	48	62	87	85	56	99	18	98	78	38	41	89	66	26	13	60	35	16	51	74	27	49	75	23	44	43	7	6	73	97	58	9	2	93	84	14	45	33	36	4	52	70	50	95
22	30	23	24	56	27	65	14	80	4	79	74	6	70	21	48	3	7	93	66	26	57	41	28	89	12	38	51	59	82	45	19	34	96	13	53	88	35	49	94	40	84	33	72	46	73	64	18	85	25	98	31	37	9	68	60	61	86	95	69	39	62	78	76	43	5	90	67	91	10	87	36	81	32	83	50	58	47	15	1	92	17	44	52	75	8	42	77	71	11	63	99	97	2	100	55	20	54	16	29
28	88	82	17	18	74	100	51	50	30	20	78	15	24	83	94	56	44	58	71	75	38	86	80	31	61	89	81	14	73	99	48	65	16	25	35	69	42	92	70	36	52	54	91	40	68	43	79	84	11	85	9	23	3	97	7	37	10	53	66	27	21	2	13	33	22	76	4	96	32	98	46	57	93	67	90	63	19	29	34	26	95	47	1	49	39	72	87	45	60	5	41	62	55	12	6	8	64	77	59
92	39	67	89	37	15	48	32	26	57	44	14	34	43	76	96	3	33	79	18	50	73	16	11	40	74	63	29	91	68	54	77	20	93	87	65	12	85	45	53	71	35	38	64	51	56	60	25	2	9	59	17	1	52	95	49	4	62	13	97	66	31	100	46	36	8	81	19	94	83	5	7	80	61	69	70	90	27	55	86	22	6	82	30	24	78	88	21	28	98	58	41	75	99	47	23	72	42	10	84
6	54	3	70	18	87	15	49	58	59	64	41	86	16	47	32	44	93	17	82	5	19	73	65	83	88	97	40	67	12	22	71	98	85	46	76	78	13	34	77	90	48	84	21	36	24	68	29	33	69	60	95	72	37	25	66	26	4	7	92	79	38	30	23	81	53	100	62	61	89	1	74	14	91	45	94	99	39	52	27	80	2	35	42	11	28	43	56	57	96	8	75	55	63	50	31	51	9	10	20
77	84	88	16	27	65	76	26	55	21	81	45	67	46	89	73	17	51	91	62	52	59	99	34	32	25	15	38	47	87	10	75	100	5	80	49	61	44	2	29	71	42	74	86	48	97	57	79	56	8	54	35	83	64	90	98	41	18	1	63	39	60	14	85	95	66	19	6	24	50	68	93	72	22	92	53	31	37	3	43	78	40	94	82	20	7	58	13	9	30	33	11	28	4	70	69	36	96	23	12
61	14	55	21	56	30	57	91	9	37	6	1	94	11	8	42	52	60	97	7	79	75	89	2	41	17	96	76	71	40	29	84	64	23	59	10	36	53	82	66	100	39	54	67	85	35	28	88	16	77	73	31	27	68	90	15	5	25	3	95	98	69	19	22	80	65	13	81	24	62	74	48	99	58	86	63	50	26	20	92	70	38	46	45	18	4	43	44	72	51	87	83	78	32	93	12	34	33	47	49
21	99	64	95	6	79	90	49	16	17	32	82	10	1	36	57	29	78	13	20	91	94	2	15	35	98	28	81	23	4	38	45	24	93	74	5	41	89	47	42	96	75	9	80	70	52	60	33	27	7	88	55	92	77	8	43	22	31	54	34	46	18	69	59	84	14	100	63	76	25	86	58	85	48	56	97	65	19	61	68	26	11	71	83	37	30	73	87	12	50	3	40	72	44	62	53	67	51	39	66
10	2	4	3	50	28	30	1	61	55	21	44	87	38	40	65	95	83	81	35	94	18	73	6	37	69	39	99	57	90	24	77	58	51	89	93	68	33	31	5	75	11	41	82	63	34	9	17	91	53	60	32	7	70	59	43	48	19	42	26	45	66	80	25	49	47	67	84	76	8	12	96	36	52	15	46	62	64	98	79	27	29	14	88	86	56	54	20	78	97	23	22	85	72	71	13	16	100	74	92
18	64	75	71	36	89	14	24	59	49	9	70	33	37	42	83	21	1	78	27	57	65	85	50	28	52	22	86	17	58	96	45	90	92	77	44	74	39	61	98	76	69	94	63	93	5	16	40	15	26	73	11	79	55	3	48	95	100	87	19	80	30	31	6	88	13	47	23	60	8	53	35	56	68	41	66	99	25	38	46	84	32	82	67	62	2	81	34	20	97	51	29	43	72	91	7	10	12	54	4
73	93	34	95	39	71	62	28	76	1	24	26	88	47	50	58	67	92	72	52	43	90	53	64	98	49	81	18	22	23	87	100	20	80	40	45	56	17	5	68	83	9	4	6	86	35	63	7	32	41	13	78	15	46	51	82	97	74	94	69	44	3	96	31	89	91	14	38	48	84	33	29	8	59	57	85	25	37	42	27	77	11	12	2	66	60	16	19	70	30	21	61	36	75	55	10	65	79	54	99
91	8	22	93	42	48	15	76	45	34	26	37	33	41	9	66	65	47	58	69	25	52	16	39	81	77	67	24	23	72	89	79	54	85	53	86	56	20	51	35	17	19	82	49	83	27	94	55	68	38	29	80	99	92	3	87	40	71	63	64	73	62	13	2	36	61	84	100	46	12	28	10	30	5	44	59	78	7	21	18	57	32	90	95	88	74	43	6	31	70	60	98	11	1	4	97	96	75	50	14
77	53	14	5	39	84	70	65	16	31	51	34	57	91	2	89	47	68	99	24	74	1	87	50	66	90	69	40	54	7	38	8	52	35	73	93	45	42	95	83	37	27	41	18	71	81	94	28	72	75	15	4	55	19	88	60	96	67	46	17	48	20	44	25	82	63	11	43	58	12	29	62	26	33	100	32	21	64	59	10	97	9	79	56	49	23	22	92	3	13	36	98	78	80	30	85	61	76	86	6
35	83	89	95	27	94	48	43	41	60	93	64	2	58	14	9	46	91	18	38	88	100	51	4	37	5	66	97	36	99	78	53	31	80	49	87	75	20	69	62	26	57	65	82	21	17	40	32	42	84	76	13	85	81	45	52	92	8	11	34	7	39	16	3	6	24	23	30	90	74	70	28	71	86	33	29	44	68	22	96	67	54	25	73	79	59	98	63	10	15	50	56	12	77	72	61	19	1	47	55
80	3	94	54	42	5	88	89	19	96	2	76	24	43	14	86	70	63	55	64	67	71	62	12	31	21	4	65	100	38	53	18	51	95	36	84	26	16	39	99	61	41	92	81	97	58	78	52	75	85	27	20	15	74	23	79	30	60	9	48	17	13	59	32	7	83	35	69	44	77	34	40	28	93	46	1	98	47	50	11	25	37	29	8	87	6	49	73	33	22	91	82	45	72	10	56	90	68	66	57
22	9	13	43	18	7	32	50	72	41	95	59	83	46	89	100	60	35	11	52	62	40	87	24	6	57	27	99	75	36	58	80	5	33	79	98	4	91	20	2	47	56	51	64	74	17	55	39	23	44	86	97	21	42	15	26	25	68	3	78	53	69	1	85	29	84	94	31	48	54	66	63	28	73	77	30	92	12	45	70	49	93	61	82	37	96	16	14	71	19	38	8	81	67	34	88	10	65	90	76
65	59	37	45	41	69	24	21	90	30	66	80	17	99	9	18	48	62	8	3	57	60	73	64	98	2	13	22	35	83	33	34	97	28	61	51	100	44	15	77	49	50	39	10	26	54	71	19	74	32	5	47	29	84	14	11	25	23	4	36	67	96	42	63	95	56	88	16	38	75	81	6	82	27	70	79	12	7	52	92	87	53	72	31	40	1	78	20	85	55	91	86	89	46	94	68	58	76	43	93
44	31	37	92	15	84	56	83	64	61	88	25	24	68	70	33	14	20	34	96	93	18	11	57	3	41	38	99	29	80	6	22	75	1	30	86	58	62	5	67	100	77	52	12	26	39	78	79	28	7	95	51	19	8	43	76	82	73	89	60	65	71	10	69	50	66	23	46	90	94	53	72	16	98	87	91	40	21	49	2	55	81	27	54	17	42	45	32	13	97	35	4	9	36	63	85	48	47	74	59
87	98	60	54	1	62	28	65	32	68	42	81	92	64	91	89	76	15	26	88	66	78	95	84	57	30	10	96	13	9	5	12	59	55	29	44	17	90	94	48	56	38	36	40	58	6	73	75	47	24	52	19	22	11	31	72	27	20	21	74	63	8	3	80	70	93	69	14	41	100	4	39	37	85	46	18	25	61	2	77	33	35	43	51	99	45	82	86	83	97	16	23	7	79	71	50	34	53	67	49
88	71	98	39	19	86	89	97	63	48	8	20	37	73	72	15	78	74	56	57	41	84	2	70	50	46	85	53	62	87	17	40	68	18	69	10	92	76	83	4	95	65	51	44	90	29	9	45	32	38	16	99	30	33	3	12	59	66	79	25	80	11	64	61	91	21	36	14	43	75	81	47	58	82	67	23	34	35	7	13	49	22	55	94	26	6	52	96	24	77	28	60	27	5	1	93	100	54	42	31
42	52	58	68	96	60	65	83	63	51	45	26	7	88	35	97	23	99	74	86	82	78	6	27	59	95	12	21	94	34	80	71	22	57	87	72	28	9	19	92	48	31	70	55	53	43	37	11	33	4	5	84	62	10	47	44	13	36	50	18	25	98	93	39	73	79	49	1	81	90	66	91	38	67	29	54	100	76	20	14	30	2	3	32	69	46	77	89	61	85	15	24	56	17	16	41	64	40	8	75
45	9	63	2	34	98	50	68	51	18	83	20	28	58	61	8	10	99	25	64	26	33	57	79	76	15	30	35	95	46	12	90	54	86	70	80	84	40	94	4	82	91	3	72	81	23	22	53	60	92	38	44	48	87	19	43	77	29	56	59	49	55	17	71	69	66	100	74	88	11	14	27	16	24	5	6	42	89	75	7	32	41	97	96	36	31	93	73	52	39	37	65	13	62	1	67	21	85	78	47
97	60	94	57	89	69	87	71	81	85	23	46	76	31	34	7	30	48	28	99	41	4	93	72	63	66	95	52	11	18	24	65	91	8	100	53	35	83	32	88	62	45	64	70	56	96	86	43	78	42	51	16	49	84	3	79	20	39	77	29	44	27	80	15	2	26	98	10	25	74	82	68	55	90	38	33	1	92	54	50	21	14	6	19	73	9	40	67	13	17	58	37	75	36	61	22	59	12	47	5
25	52	97	45	4	42	29	98	19	30	91	32	46	65	92	2	90	94	34	71	78	36	79	70	43	48	28	31	51	77	22	61	26	54	82	84	56	27	10	13	33	95	62	7	41	53	3	88	100	37	35	23	1	73	6	85	11	67	57	63	18	12	58	72	9	96	74	86	47	99	39	17	93	83	55	60	69	44	40	15	75	16	14	24	21	38	68	49	50	20	59	5	8	80	76	64	89	66	87	81
67	88	32	76	82	90	93	27	77	69	98	53	47	60	12	50	79	43	41	80	86	33	72	49	99	25	30	14	16	68	1	100	62	24	70	7	21	18	51	11	23	39	96	8	63	35	17	95	4	94	74	56	46	19	54	38	9	85	87	36	29	2	75	52	64	34	55	40	89	61	44	15	84	78	71	5	28	83	91	58	57	3	66	31	10	37	45	59	6	97	26	92	65	20	22	73	48	13	81	42
56	81	31	9	13	65	44	34	95	54	78	25	96	98	88	53	37	38	97	4	43	70	58	94	99	40	57	8	18	35	60	36	17	61	55	68	27	62	48	21	22	30	63	28	74	5	64	23	47	67	100	20	16	84	19	72	59	11	75	42	2	87	6	86	26	29	3	66	39	46	14	15	1	10	52	80	7	85	79	32	82	71	90	69	49	33	76	73	91	41	89	24	77	92	51	83	12	45	50	93
99	82	32	64	84	66	80	11	51	92	15	72	37	69	68	38	26	63	73	48	79	60	34	96	17	40	50	13	67	14	78	98	7	77	19	36	12	45	24	6	47	33	94	91	61	49	42	57	35	83	75	2	27	46	97	59	43	56	31	55	21	74	100	95	65	71	20	30	3	54	18	52	88	76	16	44	29	58	23	90	70	85	89	81	4	1	62	39	9	53	93	5	86	8	41	87	10	22	25	28
85	48	75	17	62	20	61	7	89	55	65	84	80	97	91	30	87	3	11	64	39	82	56	25	66	100	31	47	68	99	22	78	53	98	77	71	18	52	73	34	58	79	86	44	32	26	38	8	10	72	33	2	63	5	94	74	35	90	27	54	81	96	76	95	12	45	16	51	69	9	19	42	41	43	21	93	67	24	29	92	15	6	70	40	46	1	37	50	59	23	88	83	28	13	14	57	49	60	4	36
5	88	40	36	76	73	8	65	75	3	49	45	22	94	83	67	12	53	37	70	33	24	84	26	79	29	87	85	47	41	10	52	39	32	61	96	95	20	59	21	80	82	30	90	19	98	2	86	31	28	92	50	9	4	16	63	18	38	78	77	44	17	81	1	100	25	99	54	68	56	13	42	11	64	6	51	43	74	55	66	23	48	35	15	71	91	27	14	62	93	89	60	7	58	46	57	97	69	34	72
42	56	58	33	63	85	60	10	67	97	84	3	78	98	86	23	94	87	82	45	76	24	17	79	40	83	5	6	7	93	48	11	1	90	68	21	73	77	47	43	22	34	18	99	61	20	66	81	62	32	8	39	44	92	59	91	64	36	46	37	71	69	55	70	80	57	95	75	52	100	4	89	14	16	72	25	53	15	74	96	30	31	12	27	54	2	29	49	19	28	35	38	13	65	41	9	50	88	51	26
80	3	77	100	85	19	91	73	11	96	23	16	89	12	22	72	20	47	10	32	40	84	66	51	45	68	57	2	21	97	17	14	82	94	43	6	56	62	54	5	69	95	48	37	18	42	64	29	86	67	24	93	31	92	74	81	38	70	28	7	88	87	83	26	15	63	75	35	61	98	53	25	8	90	55	78	65	46	33	13	60	76	52	1	9	59	71	36	49	41	79	34	99	30	39	27	44	58	4	50
79	100	43	44	10	77	36	51	16	82	9	66	78	7	52	61	46	13	38	57	49	83	54	18	26	62	37	73	47	39	75	90	19	25	42	45	94	3	92	34	69	96	8	76	81	56	60	32	28	30	33	48	14	59	68	72	95	4	71	15	27	31	40	87	93	17	35	24	23	11	20	41	63	84	5	29	6	80	67	85	58	22	64	70	50	74	55	65	97	99	98	21	12	89	1	2	88	53	86	91
86	27	29	40	66	94	57	100	10	52	12	4	21	84	37	8	65	67	89	45	28	19	7	79	38	80	46	76	51	50	15	97	41	23	63	36	22	42	11	70	92	6	96	75	82	24	47	3	5	77	1	55	53	78	25	83	93	99	60	16	9	72	26	2	71	39	48	14	44	88	90	35	81	13	34	62	18	32	91	54	61	68	98	59	73	33	56	69	85	30	17	43	20	49	64	87	58	74	31	95
66	74	67	7	80	73	48	69	13	47	25	59	82	42	28	92	17	11	37	87	72	49	2	84	56	91	32	12	55	9	30	29	86	50	27	71	75	64	14	40	15	5	99	60	76	33	34	54	4	1	97	96	93	46	43	52	79	35	38	98	83	36	19	26	68	39	16	77	78	41	88	81	53	95	70	18	100	21	44	31	20	57	23	6	8	45	89	94	51	24	3	62	63	58	85	22	65	10	61	90
27	97	2	25	1	73	48	20	34	60	55	71	11	52	13	78	23	53	26	57	72	66	49	94	98	31	88	80	17	62	43	32	56	68	85	69	76	82	77	81	46	41	93	79	99	4	39	45	21	16	44	100	28	33	63	86	35	19	95	84	51	75	65	96	15	12	3	87	83	58	29	64	89	9	6	36	18	91	22	54	40	47	59	37	50	30	24	38	8	14	7	42	92	74	5	70	90	67	61	10
2	21	76	85	22	77	45	31	67	34	41	7	25	29	88	100	94	35	27	47	97	63	24	32	3	60	28	39	64	48	15	82	90	62	72	10	13	61	65	49	93	54	19	87	11	59	6	70	26	95	37	99	46	40	23	12	69	98	30	18	52	71	75	58	66	14	57	74	17	16	68	36	79	81	43	51	86	38	80	20	84	91	8	55	83	96	42	33	5	89	50	44	1	9	53	78	73	56	92	4
19	94	41	37	91	42	86	48	52	22	39	87	8	13	99	26	3	14	6	92	5	44	4	54	23	2	53	58	11	55	34	33	24	36	88	80	75	76	28	25	73	40	50	68	79	15	85	12	66	95	63	82	98	7	9	72	77	97	31	67	1	89	64	27	56	74	78	49	61	100	29	60	18	17	59	96	35	30	10	71	84	51	45	32	93	83	38	65	90	57	20	69	46	62	43	81	16	47	21	70
78	79	7	9	72	12	44	40	29	60	48	30	42	61	77	99	4	82	10	46	37	86	43	81	95	68	1	6	80	90	85	3	70	8	5	83	32	47	93	19	53	73	55	71	35	62	69	87	26	57	51	2	52	11	27	100	49	17	63	39	67	89	28	20	58	66	34	88	22	97	50	96	84	91	15	74	13	65	45	18	25	94	92	75	31	41	54	23	59	36	56	64	38	21	33	98	14	76	24	16
98	81	21	62	34	11	90	45	29	65	14	75	56	5	7	95	27	51	9	43	77	71	91	68	4	49	3	46	89	19	55	30	78	41	17	32	87	54	13	57	63	70	97	99	86	73	93	22	40	50	15	38	69	35	37	10	25	74	59	18	12	58	80	36	39	82	44	76	20	23	8	94	84	72	79	26	16	42	96	31	83	52	2	33	24	100	88	53	67	61	47	66	48	1	60	92	85	64	28	6
30	49	38	56	34	28	66	80	4	21	3	10	64	26	17	50	79	27	83	9	73	69	36	46	61	90	97	98	20	65	76	84	54	91	37	51	99	41	5	70	32	75	87	85	40	57	63	22	18	25	58	53	95	29	60	96	72	86	67	15	1	74	7	43	92	23	82	94	42	48	93	14	31	2	100	16	81	52	59	13	62	12	35	47	24	71	77	88	39	11	6	19	8	78	44	89	55	45	68	33
7	14	19	30	65	87	33	88	70	56	45	62	50	40	92	12	54	31	90	20	3	64	1	55	25	51	78	77	37	43	26	15	2	16	48	99	23	76	24	96	80	44	13	74	4	58	86	36	93	67	8	95	28	79	32	84	5	68	6	72	22	53	57	38	10	91	63	34	27	60	98	71	9	52	100	49	83	42	17	47	82	66	59	29	73	85	81	46	18	39	75	11	94	61	41	89	69	97	35	21
20	64	34	92	6	97	24	73	77	58	61	78	45	9	44	29	66	71	43	59	74	80	90	5	13	54	94	63	27	2	35	47	25	17	68	51	49	62	85	31	46	41	57	12	48	22	98	18	53	60	55	15	52	7	88	69	19	38	32	26	3	11	96	28	89	30	1	79	82	95	84	8	10	40	87	33	23	91	76	65	70	86	67	93	4	81	21	83	36	99	14	100	39	72	56	37	75	16	50	42
93	63	2	81	24	40	75	43	5	38	67	1	3	73	84	90	9	7	79	26	31	35	14	61	65	17	74	98	64	96	76	51	29	49	99	91	42	53	62	92	6	44	46	78	36	10	58	32	60	37	86	95	80	22	11	88	69	18	4	56	30	12	83	100	70	77	41	21	28	89	55	82	16	71	72	8	97	54	85	66	47	19	52	15	87	34	68	45	59	20	25	39	13	27	57	50	23	94	48	33
52	92	33	12	60	2	97	61	29	1	36	69	46	17	23	91	76	100	27	74	44	43	4	7	66	30	25	13	34	49	85	65	50	6	39	68	32	22	35	64	8	41	15	51	63	95	18	96	73	67	5	94	90	83	86	79	20	31	59	99	93	89	38	57	53	28	26	77	54	21	84	62	78	10	58	55	75	45	9	19	24	16	82	3	72	42	48	81	47	80	11	71	40	14	70	88	56	37	87	98
49	77	10	83	98	65	42	88	82	36	99	6	31	85	13	14	2	71	94	64	79	81	17	32	40	18	8	92	50	59	26	9	48	45	53	23	55	52	67	93	28	33	89	24	61	43	74	75	91	21	29	44	30	78	39	100	60	87	27	86	19	12	66	22	41	47	4	25	68	95	1	63	54	57	5	46	62	16	80	96	73	15	69	97	51	70	35	34	72	20	7	90	3	56	84	76	11	37	58	38
4	92	15	81	70	3	89	43	79	2	86	96	12	69	30	46	67	22	42	33	5	50	76	34	71	35	32	68	10	74	63	60	14	88	44	26	52	36	91	40	8	58	77	53	83	9	64	27	80	82	99	90	45	78	57	39	21	54	41	11	85	93	20	56	47	84	13	65	51	25	1	18	38	72	61	98	7	28	29	19	75	73	31	66	48	16	49	59	62	17	37	6	87	55	23	97	100	24	95	94
60	76	89	45	81	20	56	61	14	21	2	18	50	77	30	5	58	31	33	54	12	42	82	29	32	6	80	59	72	65	62	1	11	10	51	71	55	38	15	74	75	57	52	22	53	39	40	48	97	85	70	84	64	93	83	67	68	8	4	99	79	87	36	46	96	94	41	66	63	73	34	69	86	23	26	3	92	90	13	98	27	28	78	95	17	47	25	9	44	35	100	88	43	7	16	19	37	49	91	24
85	94	72	16	70	79	61	28	100	39	2	37	88	58	57	20	1	98	8	22	10	54	87	71	5	9	18	91	34	99	3	32	65	52	76	60	24	38	64	35	36	17	50	15	83	7	53	63	89	42	78	6	68	45	46	56	19	41	73	43	13	27	47	51	44	33	62	81	90	82	55	84	11	67	66	80	74	21	49	97	30	29	23	77	59	95	96	31	92	86	12	48	25	75	40	93	14	4	26	69
58	85	26	49	84	25	28	8	82	48	10	23	96	34	11	69	24	32	42	38	54	4	55	91	12	62	94	6	37	15	80	68	89	100	90	13	97	44	56	1	3	14	19	95	59	78	57	93	5	60	33	18	40	35	64	83	79	53	47	39	86	66	74	73	77	43	21	75	36	72	76	71	52	88	22	51	20	45	29	87	98	41	65	61	2	81	27	67	7	30	99	9	50	31	63	17	92	46	70	16
14	50	33	30	42	64	51	61	79	65	38	46	48	83	90	15	86	11	3	1	87	27	76	22	2	40	97	74	54	63	26	69	56	49	55	59	32	85	17	25	45	80	93	4	18	37	94	29	99	21	36	52	77	96	34	8	44	23	47	24	9	68	71	88	16	58	10	75	78	60	12	98	53	91	5	28	6	20	31	41	66	73	7	92	72	39	57	82	100	89	62	35	43	13	84	70	81	95	67	19
5	13	44	73	38	68	65	29	35	93	85	64	16	18	60	28	87	56	81	24	62	17	89	4	76	98	15	61	90	80	74	91	57	72	88	75	51	30	96	8	22	31	58	1	33	2	77	36	7	67	63	11	27	20	97	95	45	26	70	32	3	100	86	47	40	66	69	19	12	41	25	84	46	42	71	78	83	49	37	43	54	10	6	9	48	39	82	99	14	94	23	21	50	53	55	52	59	92	34	79
18	64	21	16	17	75	57	51	98	72	27	66	97	52	31	67	28	79	32	19	14	85	11	87	2	37	73	49	63	65	89	9	12	62	83	33	24	48	46	82	61	20	88	30	95	93	40	8	23	86	36	38	7	70	53	59	94	35	1	6	44	3	41	90	71	77	69	15	80	34	84	39	22	29	92	25	99	56	55	58	5	74	78	54	91	26	50	81	100	47	10	13	45	68	43	96	4	42	60	76
16	23	46	8	90	42	18	93	86	45	51	57	70	82	80	50	37	19	78	84	28	81	49	66	67	25	56	71	54	21	17	61	12	85	92	75	94	31	91	47	2	36	95	48	60	87	15	72	59	96	77	20	11	52	43	29	65	62	74	63	68	98	5	53	83	26	32	33	88	1	7	55	58	89	40	9	97	64	3	41	39	24	13	99	73	100	69	79	30	6	35	76	22	44	10	38	34	27	14	4
71	53	9	64	72	5	81	73	20	95	67	49	39	65	43	59	79	48	82	75	55	60	23	54	88	33	68	35	78	69	94	85	58	96	74	98	11	34	47	22	30	31	14	46	44	80	45	8	42	100	2	26	41	51	24	57	87	77	13	21	83	16	93	52	66	86	36	40	84	4	92	19	3	90	15	25	56	70	10	17	28	91	1	62	32	38	7	76	27	61	12	97	29	63	99	37	89	6	50	18
35	60	51	88	40	16	48	78	26	27	85	72	55	67	90	87	10	68	96	8	46	73	21	71	38	29	13	53	32	37	92	24	19	58	95	1	69	12	17	59	61	79	76	14	47	83	41	25	66	18	23	50	11	80	84	3	65	2	49	9	30	36	33	31	86	7	82	89	34	97	81	98	74	5	15	6	70	44	75	52	43	91	28	99	42	22	77	57	63	4	93	54	62	39	100	94	64	20	45	56
98	73	31	45	20	71	87	48	77	62	16	83	76	43	57	61	34	84	82	4	93	33	36	17	9	2	70	53	42	27	78	91	92	14	50	41	85	90	95	52	29	3	55	26	39	64	51	40	28	21	89	15	68	60	88	37	65	75	23	35	8	79	80	69	67	6	66	99	72	46	56	63	10	96	32	24	38	47	13	19	11	81	49	1	54	58	18	7	94	100	5	30	12	74	59	25	22	86	97	44
84	43	74	34	69	26	79	31	83	97	88	52	21	40	13	8	50	96	29	44	78	47	42	100	27	7	86	4	45	32	67	82	33	56	80	94	1	93	81	71	41	46	99	38	2	77	70	62	54	65	63	17	20	60	57	76	39	6	3	59	25	9	48	10	14	72	35	98	16	87	85	92	5	11	12	36	75	49	89	18	24	28	91	66	22	15	37	64	73	53	55	30	61	58	90	51	68	95	19	23
13	23	49	71	85	74	70	42	32	46	81	97	83	61	40	63	60	31	1	52	14	89	35	94	58	47	6	64	80	77	68	56	98	78	16	29	27	59	3	9	53	65	10	88	15	4	84	96	25	73	90	2	7	62	34	66	28	17	21	43	93	12	22	86	51	45	99	19	20	79	30	100	44	82	18	24	41	48	5	38	26	50	75	57	92	67	36	8	11	54	69	87	91	76	95	37	55	39	72	33
64	87	81	13	19	14	68	9	43	39	82	80	99	70	49	52	78	11	31	50	17	89	69	77	42	84	34	27	15	5	20	90	95	4	16	61	67	83	40	23	32	91	51	22	74	48	63	1	36	58	85	94	10	8	33	29	18	88	3	47	46	93	28	21	75	24	56	37	92	66	2	86	45	6	12	97	59	41	57	79	71	65	38	26	62	55	35	98	73	30	53	25	54	72	60	100	96	44	76	7
3	20	92	53	2	8	37	78	58	70	83	1	17	68	91	77	40	50	25	56	74	19	38	71	21	4	14	39	98	93	29	57	54	34	7	95	13	75	85	55	9	59	99	22	47	72	35	36	81	51	46	60	41	63	32	84	42	28	44	16	18	64	30	65	86	5	97	87	15	94	43	11	88	61	6	24	10	23	66	76	100	73	48	33	49	90	45	67	69	80	96	89	12	26	52	79	31	82	27	62
2	31	40	92	47	15	93	79	77	25	41	24	33	78	34	4	36	65	75	27	28	66	44	56	97	51	83	42	1	72	54	57	6	20	86	64	69	82	19	35	22	16	48	14	12	39	98	17	23	59	71	70	11	90	52	7	32	8	88	100	60	30	13	94	63	55	74	3	96	61	18	67	45	95	58	91	9	89	53	81	21	68	73	29	80	87	46	38	85	43	5	76	49	37	26	50	84	99	62	10
