30	30
23	26	32	11	14	38	14	18	20	30	32	29	15	34	17	35	35	23	37	12	17	18	34	25	35	28	16	36	24	19
20	31	30	27	30	16	26	26	11	29	14	35	28	30	40	30	30	25	18	11	12	20	36	11	21	31	34	14	22	29
34	39	13	11	11	15	32	16	17	19	31	28	26	15	20	21	37	35	12	12	18	20	36	14	17	34	22	25	29	38
11	25	14	32	23	36	21	31	22	15	17	15	26	31	14	23	15	31	19	25	26	31	14	37	34	26	24	32	32	27
28	16	20	14	11	16	11	28	29	15	13	27	40	14	13	21	24	27	18	32	20	11	21	29	22	37	34	38	13	36
13	14	38	14	29	25	14	31	28	29	38	25	20	37	12	15	21	33	22	19	22	13	30	27	11	33	11	17	30	25
21	30	35	39	19	24	35	40	13	14	13	22	24	27	19	19	30	19	37	13	35	31	14	23	40	25	11	15	14	24
22	39	33	24	36	24	22	35	27	35	40	32	25	36	27	39	36	33	32	40	30	12	19	11	15	38	38	36	17	32
24	18	35	35	26	20	29	19	33	26	22	17	26	40	36	12	33	23	35	40	35	14	29	26	14	21	23	17	14	33
40	16	34	22	11	22	19	31	21	33	22	16	40	39	26	19	13	38	30	36	34	32	30	25	31	32	40	14	14	18
20	20	20	34	14	25	37	29	23	14	20	21	38	24	18	18	40	32	12	23	13	13	35	12	16	19	15	11	22	13
16	32	27	19	40	12	28	27	14	35	38	19	31	15	27	36	14	18	39	14	29	40	28	12	29	28	40	31	40	13
16	16	23	23	32	40	13	26	38	32	18	18	22	33	28	17	18	29	39	22	30	28	20	40	25	32	20	36	29	11
38	20	39	22	28	20	37	11	33	27	21	15	35	31	14	30	19	35	38	40	38	25	34	11	30	19	18	34	24	37
28	35	31	34	11	22	39	15	36	11	21	25	33	39	31	29	15	33	14	37	30	18	19	40	24	16	11	19	26	26
32	22	15	18	39	24	37	21	31	25	28	38	30	14	20	29	32	13	30	32	37	22	34	39	39	29	24	34	12	17
21	32	27	38	27	37	39	14	37	28	21	20	23	24	36	17	17	18	19	24	35	18	27	35	33	35	26	36	19	14
17	28	18	31	36	13	39	27	35	29	24	34	35	15	15	23	28	34	33	36	31	12	16	36	34	38	40	12	30	32
34	30	33	33	18	20	28	20	33	11	30	35	15	28	31	32	27	14	21	12	31	15	15	27	27	26	21	24	19	38
22	31	17	20	39	38	26	14	30	23	29	28	21	13	12	22	14	23	15	37	12	28	11	18	35	37	15	14	16	17
14	13	36	19	39	12	39	15	37	11	35	24	30	20	32	16	12	18	40	19	33	31	18	14	32	38	23	14	17	31
18	30	11	16	38	22	20	30	18	32	16	39	19	22	25	11	19	30	17	36	21	30	13	38	34	11	30	37	25	11
30	17	12	23	38	36	29	24	20	15	36	40	38	28	14	13	31	24	36	26	34	15	20	15	28	29	24	24	34	13
14	20	37	34	37	33	33	23	26	13	37	30	17	25	27	40	39	26	37	19	11	21	22	24	18	17	24	32	26	20
17	32	22	29	18	39	12	20	13	29	39	25	16	38	33	15	40	29	39	25	40	29	12	23	11	20	27	13	19	30
40	21	27	37	38	35	35	12	11	16	35	13	26	14	39	25	16	22	30	35	17	31	17	39	30	17	13	39	39	17
16	38	16	24	20	15	33	24	32	38	28	14	24	30	37	19	36	32	24	16	33	27	36	25	34	16	12	16	17	23
37	21	38	33	25	19	18	24	16	26	38	21	14	21	29	36	38	36	14	40	25	29	16	37	15	28	16	35	14	16
19	15	37	28	34	35	12	29	12	25	28	18	32	22	25	27	31	12	28	40	23	33	25	33	11	13	30	34	39	36
25	29	22	31	20	25	11	23	33	20	29	15	18	14	27	23	16	31	24	27	24	29	30	28	18	37	28	25	40	14
23	18	4	8	1	9	16	27	12	15	6	14	20	13	5	22	10	7	3	26	25	19	28	17	29	24	2	30	21	11
20	17	6	5	3	22	10	28	12	15	16	23	30	7	14	18	13	26	11	8	24	9	21	25	19	4	29	2	27	1
15	27	26	4	8	9	24	17	28	25	29	18	20	11	19	7	6	30	22	16	13	2	3	10	14	5	1	23	12	21
15	11	25	24	4	14	8	1	5	7	18	17	29	3	27	26	19	28	13	16	23	2	12	22	21	6	9	20	10	30
12	16	15	14	10	3	9	18	26	19	25	7	30	4	2	28	27	22	21	24	5	6	20	23	8	29	13	11	1	17
25	19	26	20	4	14	9	3	23	11	12	8	24	1	5	2	15	7	16	13	28	22	18	29	6	27	21	10	30	17
22	29	13	26	20	7	10	11	30	16	2	1	9	12	25	19	21	5	6	17	14	28	4	18	23	3	27	8	15	24
27	3	12	7	17	16	28	13	8	24	1	19	22	2	14	15	25	29	18	9	10	6	30	4	26	11	21	5	20	23
14	28	11	9	5	13	1	3	22	8	2	21	19	4	30	23	15	12	20	17	18	10	6	16	24	25	7	29	26	27
28	19	16	12	17	13	18	1	15	14	8	10	30	21	23	29	4	25	20	27	24	22	2	5	26	7	6	11	9	3
13	23	17	10	26	19	8	9	30	1	4	2	15	12	24	25	20	29	6	28	11	21	22	3	16	7	27	18	5	14
30	28	11	23	9	5	14	1	12	13	2	29	21	10	7	19	18	22	26	25	16	8	6	3	15	4	27	24	17	20
30	18	20	11	28	9	16	5	22	3	2	14	21	17	24	1	25	10	27	29	8	6	4	13	19	15	12	7	26	23
6	23	21	14	5	7	9	27	26	1	19	3	28	17	8	10	30	13	2	25	15	11	4	16	24	18	20	22	29	12
12	15	27	17	8	3	2	9	18	4	21	7	22	10	25	29	30	13	28	16	6	26	23	5	24	1	19	20	11	14
4	10	11	27	1	7	29	9	2	5	3	20	22	18	17	6	12	24	30	21	15	19	14	13	25	8	28	16	23	26
28	5	2	22	17	15	19	12	8	14	10	4	23	27	25	6	20	24	9	30	11	29	13	26	1	7	21	18	16	3
19	28	30	13	5	26	29	14	27	22	25	4	15	11	2	23	16	9	18	17	1	10	21	20	8	3	12	7	24	6
25	26	4	2	30	27	10	11	19	5	29	14	13	8	12	21	17	16	28	3	9	15	20	6	22	23	24	18	1	7
14	16	7	9	28	29	12	11	3	20	2	25	1	4	18	26	23	22	21	10	27	17	6	24	13	15	5	19	8	30
10	1	14	11	16	23	3	8	21	9	27	12	24	17	6	2	26	22	18	25	15	29	13	28	20	19	30	7	4	5
10	6	28	7	9	15	18	21	26	12	27	16	29	4	11	23	24	8	13	20	22	30	2	14	3	5	1	17	19	25
21	23	15	13	25	17	26	6	12	24	1	28	9	4	30	29	3	11	19	27	10	7	22	8	5	18	16	20	14	2
2	12	15	30	17	1	23	10	3	13	21	25	19	14	22	26	18	24	8	4	27	20	5	16	9	28	6	29	11	7
10	4	7	19	28	20	24	22	27	6	23	25	12	8	2	18	14	3	13	30	1	15	26	9	29	17	11	5	21	16
7	15	24	29	16	11	14	30	12	20	1	3	13	5	10	28	18	21	8	26	27	6	25	17	4	23	2	19	9	22
11	5	27	29	16	18	28	14	10	19	23	2	7	17	30	24	13	8	22	6	12	3	26	25	21	1	15	20	9	4
3	12	21	30	5	25	29	27	26	19	10	28	23	7	15	1	14	11	6	22	18	17	2	4	13	8	16	20	24	9
27	20	3	16	17	23	28	10	25	8	13	2	30	9	1	4	15	12	26	29	19	21	24	5	6	11	7	18	22	14
23	7	3	2	11	15	17	14	8	12	4	29	13	16	24	10	9	19	27	25	28	18	6	21	1	5	22	26	20	30
