30	30
21	20	14	31	21	24	26	21	27	36	12	22	24	36	37	26	12	23	25	15	12	19	13	23	31	38	13	16	40	37
26	36	33	29	22	16	16	28	15	16	27	13	13	30	32	39	39	22	36	16	29	37	25	34	19	16	17	21	37	21
14	32	22	12	29	14	33	20	38	20	35	27	21	14	18	15	22	35	12	23	29	15	12	26	16	26	40	32	38	17
12	20	39	27	16	21	19	24	20	12	29	13	36	32	23	21	15	40	28	25	38	33	14	12	15	20	35	39	25	21
37	37	31	17	29	26	36	17	39	29	16	26	13	38	39	23	34	25	25	39	25	32	23	23	12	23	28	38	18	32
15	29	35	19	24	18	35	27	21	23	24	23	35	26	36	29	40	11	23	25	25	34	33	27	18	38	16	22	12	35
16	20	38	37	33	30	18	18	22	16	14	19	26	18	14	21	16	36	14	35	11	34	39	34	24	27	14	16	14	24
13	23	14	25	31	40	40	36	11	19	17	14	29	12	33	19	35	20	11	18	33	27	28	19	16	25	36	23	35	24
16	20	39	12	23	12	29	36	36	16	38	33	31	21	27	15	13	33	13	23	28	26	25	39	37	20	29	11	38	13
13	37	32	11	18	23	22	33	17	21	27	20	32	40	15	37	35	13	38	31	13	14	22	20	15	25	27	16	37	18
33	12	12	34	12	17	37	35	12	16	20	39	24	40	13	29	22	31	21	37	19	18	12	32	14	31	17	15	32	17
19	32	20	40	34	38	11	14	31	33	39	13	18	26	33	11	16	25	25	40	35	40	39	19	21	37	35	17	12	25
16	21	22	21	22	23	29	12	18	29	18	11	16	40	16	19	24	21	14	15	18	20	13	37	21	33	28	29	30	30
29	24	26	12	11	16	15	23	14	31	27	31	33	28	19	29	31	30	38	16	37	31	39	16	26	16	17	38	26	34
21	34	30	14	13	13	36	31	16	28	32	33	34	14	28	23	37	18	31	30	29	18	37	36	38	31	26	20	37	36
27	36	15	11	21	27	31	23	15	30	31	20	22	37	22	15	33	39	18	27	21	39	25	16	34	32	13	12	28	28
39	25	33	18	26	17	31	30	38	22	12	27	40	36	25	37	17	34	15	22	27	36	17	13	14	28	38	25	13	26
11	18	28	36	17	35	39	14	37	28	37	30	29	17	22	29	31	19	15	19	40	27	12	21	31	39	26	27	12	20
37	32	40	20	13	16	22	19	31	33	34	37	20	40	21	25	40	24	20	39	40	21	12	31	40	32	22	12	14	25
23	38	11	37	12	22	38	23	13	19	24	24	22	11	27	23	33	37	29	26	16	20	37	32	39	16	31	28	32	26
26	20	14	22	27	11	32	37	37	13	21	34	23	35	35	12	16	39	24	16	37	12	39	29	32	11	32	18	36	23
25	40	27	36	32	14	20	14	31	28	14	39	23	12	37	34	11	38	29	18	29	23	17	29	20	19	22	38	30	18
26	28	25	19	20	36	34	40	40	22	39	12	25	25	32	17	14	32	12	20	28	14	21	33	30	15	15	21	32	17
27	20	37	28	15	15	36	36	13	40	29	27	28	17	24	13	27	11	11	37	15	20	16	40	14	13	38	32	30	18
34	40	38	31	23	29	28	24	13	39	19	37	39	17	29	35	23	34	33	23	15	28	34	22	40	17	16	33	11	38
31	36	28	23	36	39	11	16	21	32	11	15	35	18	27	34	13	36	24	26	25	16	12	31	40	14	14	16	14	29
14	21	33	29	39	11	21	31	32	15	14	12	16	15	34	18	37	40	21	26	35	30	20	18	37	33	30	32	16	31
37	27	13	23	32	37	26	37	16	39	11	28	36	23	19	24	24	28	35	13	30	24	32	20	30	20	21	34	34	34
11	17	20	18	36	29	13	16	17	35	19	36	21	20	31	32	19	33	28	30	29	36	40	30	26	38	28	33	12	28
21	11	19	18	39	39	16	17	34	23	21	12	36	17	39	40	24	27	26	15	35	34	32	11	13	23	22	36	17	27
20	11	6	22	24	13	26	27	2	29	23	8	9	17	18	12	28	21	5	3	4	10	19	25	30	1	16	14	15	7
5	14	7	1	28	17	6	29	15	26	13	24	4	30	10	16	20	21	2	3	8	23	19	27	12	18	9	25	22	11
5	15	28	12	2	25	6	18	3	23	24	16	4	30	29	26	19	17	21	20	8	9	13	22	7	14	10	1	11	27
12	16	17	25	22	30	7	15	23	6	29	3	2	19	26	11	10	21	27	9	13	18	5	28	1	14	4	24	8	20
3	23	2	7	26	5	8	28	6	29	13	9	20	1	25	12	14	19	30	24	17	27	11	15	10	18	22	21	4	16
13	23	4	16	21	26	10	22	15	29	2	24	7	18	8	14	12	17	5	30	11	28	1	27	6	3	20	25	9	19
23	7	4	19	17	25	16	10	20	24	5	27	12	13	3	18	21	9	2	30	15	1	28	22	6	29	11	8	14	26
29	25	27	17	23	2	7	14	6	12	5	3	9	10	20	16	24	8	30	1	13	15	26	21	18	22	11	4	28	19
2	29	11	18	8	4	21	10	16	12	26	23	5	6	7	15	14	19	20	13	9	25	27	22	3	1	24	28	17	30
16	19	1	15	13	10	18	29	14	27	25	3	8	11	20	24	4	21	2	17	22	5	28	9	12	30	7	23	6	26
4	30	3	10	18	1	13	5	6	12	21	19	15	20	7	26	25	8	27	14	22	16	2	17	9	23	28	11	29	24
4	5	27	18	2	29	19	9	8	3	10	13	23	15	24	11	30	22	20	16	17	28	26	25	7	12	1	14	6	21
2	17	30	19	14	29	21	22	4	23	6	27	26	1	25	12	20	13	24	5	8	7	16	18	10	3	9	15	28	11
19	28	5	13	11	24	30	1	2	23	14	25	8	15	9	6	18	16	29	17	12	4	10	26	20	7	21	3	22	27
20	14	25	28	17	6	3	11	4	8	30	16	26	13	21	9	22	18	29	23	24	5	19	2	10	7	12	15	27	1
11	26	22	27	6	4	19	8	16	24	25	1	2	18	17	21	12	29	14	5	9	28	30	15	20	10	3	23	7	13
13	29	25	19	10	17	20	23	9	24	12	18	3	7	30	2	22	27	4	6	16	11	8	26	1	21	15	5	28	14
10	30	2	26	28	16	22	23	3	18	25	11	12	19	13	17	20	8	14	27	1	21	15	4	9	24	7	29	5	6
8	9	22	29	3	2	16	24	6	18	13	20	26	15	21	12	1	7	19	23	28	5	25	4	11	10	27	17	30	14
22	9	2	17	1	6	19	26	8	28	23	25	20	29	18	4	15	5	7	11	21	3	10	16	14	12	24	13	30	27
19	18	17	8	10	12	25	21	15	23	4	14	13	28	5	1	9	16	3	27	26	30	2	22	7	6	24	20	11	29
25	1	6	28	30	23	27	16	10	19	11	8	20	3	17	15	24	18	26	13	2	4	12	9	5	7	14	29	21	22
29	10	26	3	2	7	9	22	4	27	6	17	14	28	13	30	19	20	21	1	25	11	8	12	15	5	23	18	24	16
15	12	13	4	11	18	1	23	20	10	9	27	21	24	8	5	17	16	22	28	3	26	29	2	6	7	19	14	25	30
29	27	19	17	3	14	4	11	28	26	13	20	23	8	15	1	24	30	25	18	22	21	5	6	12	10	16	7	9	2
13	24	16	17	1	15	21	18	22	29	11	7	26	5	30	14	25	12	27	8	2	6	20	28	10	4	19	23	9	3
22	26	2	29	18	28	13	21	16	19	27	30	20	15	24	3	6	23	4	11	25	10	14	12	5	17	7	1	9	8
17	8	5	2	26	20	18	24	29	7	23	25	11	21	19	12	3	16	6	10	4	28	1	9	27	30	22	14	13	15
26	27	5	6	25	28	24	13	19	29	9	21	2	23	20	30	12	11	16	8	15	18	4	10	3	22	14	1	17	7
16	6	11	12	26	30	25	3	10	24	7	5	22	2	23	18	15	27	4	28	1	29	13	17	20	14	9	8	19	21
