100	100
19	26	24	19	33	22	29	22	19	18	13	28	22	32	26	37	31	39	31	16	18	14	17	15	21	22	30	18	17	21	12	37	39	14	16	35	15	25	17	30	36	13	27	31	25	23	29	15	37	26	28	18	25	19	29	24	37	26	20	24	19	34	28	33	35	37	32	20	36	20	25	39	37	30	11	22	11	37	29	19	23	21	19	13	39	20	33	16	17	33	17	30	35	29	12	15	19	28	40	17
36	40	16	12	29	31	37	34	33	22	31	16	21	19	37	14	38	11	27	32	34	38	32	22	40	27	19	17	21	16	38	28	26	24	37	18	22	26	31	30	33	38	28	15	37	38	11	19	37	32	39	15	22	25	29	20	18	28	36	29	12	26	38	25	11	18	28	19	23	25	38	20	22	25	25	11	34	27	32	22	37	13	32	21	28	30	40	39	30	12	19	22	33	35	26	22	12	22	16	38
18	27	20	39	26	37	28	16	36	13	27	21	27	15	33	30	28	24	19	16	20	32	15	29	18	19	18	30	38	37	15	19	17	30	35	19	39	25	32	28	30	30	38	14	26	13	33	16	16	29	16	40	23	39	17	28	23	16	27	16	31	35	37	30	18	16	36	40	15	26	32	29	33	40	25	11	16	34	12	17	18	11	28	29	40	26	24	39	31	37	27	17	17	35	40	17	22	36	32	28
32	20	15	20	19	30	15	33	39	13	37	23	38	26	26	31	18	32	12	30	24	39	34	15	32	28	29	39	38	30	21	17	21	37	24	12	13	38	36	17	11	32	23	30	32	29	37	19	22	20	37	34	38	37	30	39	27	15	26	23	33	40	13	34	20	30	12	28	36	20	38	11	19	27	21	19	16	14	32	19	25	14	25	26	33	28	23	17	12	13	28	40	13	33	33	38	12	14	24	37
23	26	30	24	37	23	39	13	14	29	39	37	21	38	21	22	14	21	14	40	11	23	16	21	22	21	28	29	12	33	13	25	25	28	23	14	25	26	33	40	30	20	11	15	13	22	34	32	32	38	39	30	20	28	19	26	26	21	28	15	17	24	29	17	34	32	37	27	28	16	17	36	40	26	35	35	13	33	22	11	33	37	11	15	30	30	34	26	39	27	26	20	29	25	29	21	30	32	33	27
33	27	30	18	30	19	39	11	30	35	39	32	34	32	34	31	28	22	26	27	17	25	34	38	34	35	31	36	13	18	16	20	21	30	33	23	15	11	17	37	21	25	28	19	25	16	28	27	38	16	11	20	19	29	25	33	23	38	20	40	26	20	19	29	31	23	12	28	13	25	13	39	33	34	20	22	35	26	30	38	36	15	24	19	15	11	11	38	15	23	34	40	16	36	29	37	20	33	11	30
38	38	17	35	29	39	37	39	28	11	18	22	24	40	16	18	17	20	30	27	31	20	27	29	38	27	22	21	23	25	20	31	18	31	33	16	20	32	39	32	20	29	33	26	25	21	29	36	31	11	20	19	13	12	37	17	28	36	14	36	13	13	21	19	13	32	29	37	36	33	17	16	11	32	26	21	37	14	21	20	27	34	33	23	21	16	18	11	39	26	28	20	22	12	38	17	27	29	28	17
16	23	16	32	35	20	21	24	12	31	12	38	16	24	37	36	20	16	30	22	23	31	40	11	14	16	36	18	35	17	12	13	11	40	24	38	36	25	40	23	12	27	28	32	31	29	19	12	20	19	33	40	17	15	24	24	13	13	14	21	34	31	30	27	25	13	39	40	28	16	29	13	11	30	39	36	22	16	12	19	29	19	28	27	36	40	29	39	32	29	15	33	32	14	17	25	40	20	30	22
27	23	23	35	37	38	15	27	29	39	40	28	32	32	37	23	31	19	35	35	17	32	19	26	34	31	12	38	12	23	29	18	20	33	19	37	20	17	26	34	18	18	14	22	40	22	40	38	25	21	35	21	22	15	27	36	31	37	22	31	29	11	34	15	29	37	32	40	32	21	12	23	11	26	27	19	28	12	23	37	21	14	27	13	19	36	11	32	29	20	18	19	13	30	39	13	29	36	35	26
14	11	26	37	12	25	18	35	32	25	27	18	37	31	38	22	13	35	14	24	39	29	30	28	34	30	21	32	18	23	37	25	23	34	36	31	17	14	15	38	19	14	36	17	26	32	26	12	40	24	19	13	40	35	21	39	17	22	33	33	39	21	23	39	13	27	36	16	27	28	32	22	39	23	22	26	39	28	14	13	32	33	26	29	28	22	39	11	21	37	30	33	28	37	33	34	31	40	14	19
29	21	30	19	23	27	39	39	38	25	22	30	19	25	35	13	40	24	40	25	39	37	23	19	34	40	21	20	26	36	40	16	32	23	21	23	27	24	24	33	30	21	16	21	20	30	18	24	18	31	11	23	35	11	21	24	35	35	27	34	11	24	35	35	12	17	16	18	30	16	13	38	20	14	28	39	30	12	39	25	14	40	30	23	40	22	24	16	31	22	13	27	39	37	21	13	36	23	25	16
21	16	36	35	31	13	22	39	11	27	22	38	26	28	21	15	38	35	17	19	17	31	30	29	39	18	31	37	30	36	27	13	30	11	28	12	20	33	29	12	32	30	31	37	40	18	25	12	12	28	36	17	36	34	38	21	13	29	24	20	38	13	18	12	26	20	19	35	13	38	35	29	36	39	40	29	36	25	33	20	33	38	18	37	38	27	34	12	38	18	28	17	23	36	14	39	25	28	17	16
25	29	13	32	37	12	17	22	35	37	27	21	34	28	16	27	40	39	31	37	11	40	25	35	34	20	11	38	21	29	22	38	23	34	17	38	30	40	12	36	22	40	35	11	18	14	15	33	26	27	39	22	29	26	32	26	39	20	21	27	40	12	17	26	18	33	34	24	31	21	37	25	20	15	29	23	19	36	18	38	38	32	22	17	11	22	29	16	18	30	40	32	17	16	40	35	40	28	29	32
12	34	28	31	19	24	24	11	14	21	16	32	11	14	11	21	21	23	23	13	29	13	11	25	32	12	20	39	18	37	19	33	28	39	25	34	36	15	11	29	24	21	19	33	39	21	32	32	16	24	16	32	23	27	21	39	11	30	29	14	20	39	30	32	34	40	20	21	20	24	39	11	22	36	17	37	30	22	33	25	34	27	22	38	31	27	19	36	18	16	27	17	12	34	38	12	40	19	31	26
18	12	34	15	11	22	38	29	28	21	38	15	14	36	27	15	19	19	40	27	12	39	29	27	27	24	34	12	26	22	20	20	39	37	32	23	15	25	37	22	26	12	23	38	39	23	12	34	33	34	32	32	19	28	40	15	36	15	39	18	34	21	36	32	23	24	16	32	34	38	23	21	13	24	13	34	33	33	18	17	32	39	22	16	15	27	38	34	15	34	19	22	37	20	35	18	25	13	30	30
29	36	19	14	36	18	14	39	19	18	38	36	12	24	11	32	26	20	31	16	29	21	17	14	15	35	14	17	26	39	14	27	12	37	24	27	15	36	22	18	38	29	38	40	36	36	11	19	12	36	31	30	28	20	17	37	36	11	34	17	20	24	20	12	15	20	36	38	39	15	38	18	20	34	38	37	36	22	26	12	39	26	11	19	28	13	40	34	16	32	39	11	31	17	40	32	13	24	12	23
21	14	14	36	22	15	36	22	21	27	26	16	12	27	20	17	32	35	34	22	12	40	28	12	18	22	32	21	38	25	28	31	16	35	19	25	31	14	21	11	25	31	29	36	11	22	16	28	38	22	23	22	40	15	24	39	31	31	20	12	40	17	37	26	17	26	29	26	17	25	30	17	14	28	31	37	32	32	33	31	30	38	22	24	24	19	25	29	13	12	13	14	31	11	35	20	31	35	32	32
21	17	11	28	16	23	33	32	32	20	21	12	25	34	39	29	11	32	15	15	38	14	36	24	13	32	24	11	39	11	18	24	11	27	12	34	37	34	12	31	22	34	35	23	12	27	40	38	30	22	40	30	35	24	36	20	14	39	31	20	26	32	14	34	15	30	24	23	38	12	16	17	17	18	17	22	38	35	26	27	25	12	12	28	36	11	14	38	11	11	29	20	13	15	27	29	31	36	34	18
32	26	36	21	11	19	25	27	24	24	16	19	14	33	38	30	13	34	39	32	15	17	40	29	14	31	13	27	24	32	25	12	23	34	26	36	13	22	33	28	21	28	26	21	30	31	20	13	13	35	20	14	30	34	38	17	32	23	17	17	22	32	14	12	17	39	28	35	22	17	19	39	39	18	13	21	30	26	26	13	17	14	31	16	31	28	39	13	21	20	24	11	40	36	32	25	22	25	17	12
33	33	14	36	13	18	40	24	39	25	39	20	25	38	40	30	36	20	14	36	37	15	30	22	18	34	18	18	12	28	17	32	12	22	21	40	32	21	29	21	15	15	29	25	29	36	32	40	17	29	22	29	13	38	30	39	22	23	36	25	13	33	16	20	24	28	40	17	11	15	36	31	32	37	12	15	16	35	30	19	35	12	33	21	19	31	33	16	17	11	40	12	40	39	33	18	12	34	33	27
33	22	18	11	19	36	24	22	14	32	37	36	31	27	13	25	26	12	20	33	27	28	38	39	18	15	31	29	27	12	35	29	25	24	17	14	14	19	25	22	17	24	34	14	14	29	13	20	13	37	15	22	35	20	17	13	34	26	39	34	31	25	37	17	27	37	17	34	23	27	34	14	15	11	33	38	17	38	27	25	38	25	24	40	19	40	37	28	35	11	26	30	39	37	24	39	31	23	29	31
40	21	25	22	39	19	39	16	11	21	36	24	12	40	12	30	20	11	37	14	23	23	36	27	21	20	13	34	16	31	14	29	11	18	28	27	11	38	28	13	26	39	13	24	32	40	36	21	32	30	38	27	34	35	23	33	11	24	16	34	13	35	35	26	16	17	24	33	13	18	20	33	31	32	40	38	21	21	32	15	37	20	36	13	20	23	13	25	37	34	16	12	15	32	24	35	36	22	33	34
28	22	19	12	15	23	14	17	40	18	19	21	14	11	11	32	11	13	36	31	40	34	17	13	34	22	23	32	29	14	30	32	39	34	33	26	34	40	35	28	18	28	32	34	26	14	17	21	31	37	40	12	36	16	28	29	16	13	39	39	16	38	27	22	30	17	32	13	27	33	13	38	39	23	14	37	37	12	33	14	26	14	37	37	16	33	33	15	37	13	30	30	16	18	32	31	35	20	23	35
15	35	34	29	32	27	39	13	40	37	26	30	13	40	24	33	29	16	14	34	31	32	15	15	22	36	30	23	26	27	16	26	39	12	19	33	16	37	29	13	12	13	35	25	29	37	24	38	20	11	32	27	27	18	24	19	29	13	13	22	31	20	29	29	21	26	17	32	36	28	38	15	26	35	38	23	37	26	19	25	18	15	25	21	16	23	12	15	26	22	40	14	27	22	31	30	28	36	11	32
30	17	36	20	12	33	28	35	33	24	20	27	30	22	28	26	25	39	29	23	19	22	14	37	31	15	27	14	20	23	19	20	12	20	15	21	14	28	20	23	20	37	36	16	13	16	14	11	32	32	24	14	34	25	29	19	25	28	25	30	34	39	22	22	16	13	38	13	32	18	17	37	22	16	26	33	25	35	36	35	37	40	21	31	14	28	21	20	26	23	36	37	28	37	18	38	39	34	30	36
25	18	36	26	40	13	19	26	24	28	17	19	11	27	36	22	29	39	36	16	23	17	23	36	12	22	30	11	30	23	29	30	35	37	30	16	23	11	32	12	12	29	32	39	26	24	23	16	27	35	36	32	28	20	35	12	38	40	21	39	39	24	21	17	23	18	29	20	23	14	24	19	11	39	16	29	32	37	15	24	31	11	18	30	38	17	35	22	28	38	14	39	11	23	23	22	13	23	22	31
19	24	21	33	38	31	15	29	34	27	37	30	20	16	20	26	40	40	26	31	37	38	23	20	30	34	28	28	13	31	23	28	26	33	20	17	33	18	38	22	11	37	32	23	19	18	37	32	39	16	19	29	16	31	13	32	40	30	32	23	30	30	30	33	30	17	29	11	40	22	32	15	18	25	39	26	39	29	37	39	19	26	15	40	33	12	11	29	24	28	31	28	33	29	26	33	18	18	19	30
36	17	25	35	36	29	29	11	37	21	26	22	31	25	17	22	18	28	24	14	19	24	33	33	26	40	31	28	15	13	25	36	39	19	34	24	39	26	17	34	19	13	29	13	16	40	39	16	33	33	24	26	34	34	17	36	37	14	26	13	30	33	30	19	40	27	24	27	32	33	34	29	15	27	33	25	14	23	28	16	15	36	25	13	21	37	35	38	40	22	25	40	40	27	28	30	35	19	27	18
37	37	26	32	21	27	29	34	11	18	11	24	16	39	28	40	13	22	15	20	32	13	18	35	38	34	39	22	25	15	34	21	40	25	15	25	40	25	27	12	22	40	13	24	36	18	16	36	34	26	21	23	33	38	32	22	21	36	24	36	17	35	16	31	30	38	27	19	30	31	27	17	29	29	13	38	31	30	32	11	17	22	33	11	16	22	18	25	18	17	32	36	15	12	32	36	15	35	19	15
20	40	33	34	16	18	11	21	18	37	39	24	22	19	17	15	38	25	36	36	15	16	32	24	36	15	18	35	35	18	32	30	31	31	18	39	38	28	11	29	24	14	32	27	22	11	32	34	29	33	27	30	24	25	36	38	37	31	17	24	32	23	18	30	38	31	37	14	12	28	12	25	21	12	26	27	39	38	33	34	21	17	31	23	34	39	21	14	25	13	15	22	36	37	22	19	23	36	16	28
21	35	28	27	26	25	20	23	25	21	39	35	25	25	37	15	19	23	24	11	17	31	17	27	35	40	22	25	22	37	32	14	35	26	20	40	37	34	18	25	35	25	20	39	13	16	40	25	31	38	36	21	19	33	36	32	40	15	35	37	16	12	11	18	27	15	23	27	32	31	34	12	12	27	26	14	21	24	25	28	24	27	24	14	12	33	28	39	20	32	16	33	15	24	36	29	23	13	40	40
26	35	12	38	12	40	13	16	37	24	12	16	34	14	22	11	17	28	33	28	40	34	12	18	32	17	37	19	12	25	31	37	40	31	21	13	18	14	35	38	27	35	34	35	29	24	36	39	36	40	26	17	38	38	34	17	29	40	22	15	34	14	39	37	38	25	25	34	25	13	35	23	12	38	36	27	39	15	23	38	31	34	18	25	30	36	17	16	40	34	28	26	12	40	23	11	18	24	23	29
38	22	23	32	18	14	27	38	20	19	28	13	31	13	30	12	19	18	31	11	20	34	14	40	20	40	29	17	24	13	33	28	15	30	39	22	21	38	14	15	27	33	35	20	18	11	19	22	19	33	22	26	25	36	21	12	20	32	30	35	19	30	21	21	37	40	34	36	23	16	22	32	32	35	13	28	18	24	28	11	26	37	27	20	22	21	32	16	28	37	17	15	29	27	39	33	12	23	29	31
14	19	12	13	26	36	21	16	19	29	21	37	29	39	12	39	36	23	27	30	21	14	19	17	22	15	17	35	23	13	16	34	23	17	40	23	12	37	13	34	22	14	35	23	15	34	32	40	18	24	38	33	16	19	32	23	13	30	26	39	39	40	16	40	17	37	14	29	28	18	40	34	39	24	14	21	16	12	25	30	31	17	14	19	25	13	40	13	28	39	25	24	27	25	16	33	18	39	21	30
11	29	11	24	21	40	40	14	37	11	21	28	31	24	11	40	15	19	36	14	40	31	21	40	11	27	18	24	29	18	20	24	34	22	35	34	36	26	11	33	16	40	17	23	37	19	34	37	18	25	24	25	36	14	37	11	13	11	21	40	21	40	16	14	12	19	24	29	27	23	12	32	14	21	25	13	14	39	31	12	29	15	24	17	12	29	33	31	22	31	40	14	33	15	13	15	24	24	37	25
37	24	23	21	19	21	33	11	33	25	14	35	15	35	13	20	12	16	15	22	13	36	34	32	33	17	12	15	23	16	12	16	40	22	32	23	38	28	40	21	37	29	11	34	15	17	31	20	26	32	25	14	26	11	28	19	27	12	24	12	40	30	14	31	29	18	38	30	34	14	26	26	34	38	36	38	14	33	31	34	34	14	31	36	18	30	12	13	28	34	26	17	38	23	33	23	20	17	12	39
37	12	37	21	37	12	27	27	28	17	13	26	18	30	23	38	16	12	18	24	39	28	24	31	17	30	15	12	21	29	33	11	31	19	13	12	38	13	17	33	22	20	28	17	13	17	15	29	19	30	12	36	26	30	35	15	12	30	17	27	26	30	24	11	31	20	38	39	31	21	26	37	33	12	18	12	37	24	31	23	15	40	24	26	40	11	15	26	18	15	19	19	30	35	24	39	24	18	40	32
19	38	21	28	33	33	35	35	24	40	11	39	19	14	33	22	33	34	39	20	40	28	29	20	22	35	16	28	40	40	33	28	27	22	20	39	33	13	38	14	24	32	13	29	15	20	36	35	18	38	34	16	16	16	14	25	15	27	39	21	38	25	13	17	12	16	34	13	35	28	33	40	40	40	37	19	32	35	30	35	27	16	12	35	19	30	22	34	25	20	36	24	18	19	27	24	36	14	19	22
39	23	30	20	37	27	15	11	14	38	20	31	12	39	17	36	14	35	11	15	37	17	24	25	28	21	30	13	11	22	20	39	30	13	40	21	38	28	34	24	11	27	20	16	20	30	21	18	25	35	39	37	23	29	14	39	40	15	30	38	28	27	31	33	24	17	25	14	23	19	39	40	33	24	18	12	17	31	14	23	33	20	36	14	30	29	11	12	21	21	11	17	26	12	40	40	29	15	11	13
39	14	16	32	35	40	25	14	30	30	25	15	35	32	28	21	16	28	34	30	38	28	27	20	22	38	14	31	23	40	27	19	27	34	14	24	23	30	12	29	38	20	12	36	40	27	17	40	30	40	27	35	26	19	17	26	30	30	38	15	25	37	38	39	27	17	22	33	36	36	11	14	32	39	22	31	33	25	22	37	22	24	37	37	28	23	35	40	24	35	29	27	23	32	12	19	12	12	36	31
30	25	40	12	32	35	25	18	37	26	33	32	14	18	30	40	22	40	21	35	21	37	22	28	33	38	38	35	28	34	12	32	12	30	34	23	26	30	30	13	15	29	37	24	23	34	13	14	12	35	40	39	37	20	39	39	24	22	38	14	38	31	23	33	21	27	22	23	36	35	40	39	16	24	40	35	24	27	18	15	25	33	33	13	23	24	31	29	13	22	18	28	19	15	11	24	25	40	11	28
31	24	40	29	16	37	12	12	40	12	21	29	25	27	24	15	25	11	25	30	26	12	24	22	11	18	23	22	29	30	32	21	29	35	40	25	34	33	25	32	32	18	39	34	40	27	35	28	39	14	17	33	11	29	36	19	31	33	36	11	19	26	29	13	27	30	35	33	16	21	34	26	16	21	28	20	21	32	20	16	40	12	23	11	16	19	29	35	39	12	34	19	15	14	24	16	33	40	32	33
14	39	32	29	14	17	28	21	27	24	15	37	38	24	32	18	35	12	12	15	40	30	36	25	28	21	34	23	17	20	32	32	32	12	29	34	40	13	12	40	38	37	16	39	39	29	29	38	22	31	18	25	20	22	35	33	29	36	35	37	38	28	18	24	36	33	12	18	39	15	28	35	40	14	27	24	25	26	35	38	22	29	11	12	33	34	25	15	13	37	36	28	17	15	37	15	33	15	27	32
30	34	33	26	19	24	26	12	17	39	38	25	36	27	29	22	17	21	31	32	21	12	21	37	37	37	27	15	18	33	17	12	11	33	20	27	31	40	11	22	26	11	30	30	34	39	38	38	34	25	26	31	24	34	38	12	24	28	19	23	18	30	34	33	40	37	11	30	22	13	11	23	39	12	16	23	33	18	28	38	36	19	23	17	27	37	11	31	20	19	15	30	33	17	24	34	23	34	24	17
33	33	31	32	11	39	26	24	32	31	18	39	22	35	40	30	26	13	39	24	11	24	39	15	26	16	25	29	24	13	25	14	32	30	12	38	29	37	28	36	38	33	26	37	16	32	23	20	22	27	25	31	12	13	21	25	13	26	23	22	16	34	12	34	27	16	27	31	12	13	11	14	11	16	24	37	27	17	20	23	38	22	27	12	40	23	13	27	24	33	22	18	18	22	28	28	21	31	26	24
37	26	31	13	33	38	22	14	39	30	11	24	38	28	30	38	17	19	29	32	36	36	33	22	27	30	30	39	35	11	35	16	32	39	18	36	30	38	21	36	40	28	29	24	31	33	34	20	16	35	17	15	24	14	40	31	27	34	28	27	40	11	36	31	16	18	15	19	28	31	39	36	17	29	40	24	32	18	35	20	38	37	28	14	26	19	15	31	25	18	32	34	36	33	28	31	14	22	30	21
38	26	21	11	28	35	26	38	33	31	23	40	35	13	38	36	35	25	35	29	33	22	34	27	35	19	31	34	38	20	12	20	33	34	39	31	28	17	17	20	39	38	37	13	18	37	13	15	27	35	13	38	15	13	13	37	12	28	11	38	34	19	20	32	30	19	34	30	26	35	32	17	39	21	15	33	34	35	20	30	36	31	28	27	37	24	34	35	14	19	33	26	17	22	18	25	38	24	25	35
35	17	16	31	28	31	34	39	16	36	21	33	25	24	40	21	11	25	22	16	21	11	35	11	18	38	23	23	23	25	12	30	24	31	23	28	11	24	27	33	33	32	16	23	36	26	31	27	37	28	31	28	27	11	24	15	40	25	30	31	18	33	34	40	33	24	11	13	33	18	12	37	29	12	15	33	14	30	31	37	30	11	21	18	16	19	28	18	33	20	22	37	18	15	28	31	29	37	22	27
35	30	29	17	36	19	22	27	39	26	27	25	39	11	34	18	23	37	15	39	30	37	29	39	37	28	32	35	34	17	15	16	40	15	31	35	26	20	37	31	34	31	23	39	23	28	30	32	20	28	37	38	38	37	20	22	31	26	28	12	23	40	28	16	18	25	13	13	12	21	18	25	13	23	38	20	24	17	26	28	14	32	34	16	40	18	34	13	40	22	17	11	13	37	38	40	34	28	21	17
36	16	33	26	27	27	31	20	19	21	25	28	16	23	20	19	14	28	28	40	26	23	24	21	33	20	27	16	40	36	32	32	20	33	19	25	28	35	39	22	20	23	29	31	22	13	19	27	26	30	36	19	18	14	28	17	24	38	26	14	22	26	30	28	20	35	19	30	19	23	13	33	17	14	37	17	32	19	16	39	37	29	36	14	22	37	33	23	25	27	21	12	40	40	30	35	24	40	29	40
35	18	25	19	18	23	32	16	12	18	39	25	21	18	27	28	13	19	23	38	38	28	11	28	27	23	12	37	37	29	23	22	15	16	17	14	23	37	16	35	32	40	18	39	35	35	35	14	13	24	14	27	16	30	26	22	34	29	31	34	38	22	40	36	17	12	20	34	24	28	22	37	23	38	28	21	16	31	23	15	16	11	18	26	27	28	26	33	11	20	24	16	15	39	21	30	40	14	19	24
23	11	12	28	29	32	26	15	20	37	35	18	29	18	37	16	32	27	23	19	38	22	14	15	14	23	29	37	14	12	31	11	24	29	29	28	16	22	14	34	18	23	37	37	26	24	30	16	37	25	26	26	16	13	19	18	39	26	37	40	24	27	28	28	30	11	19	33	24	29	18	29	35	40	32	35	27	20	40	14	34	12	16	34	19	28	14	17	38	25	13	15	25	36	20	19	16	21	34	30
18	36	30	38	11	17	31	28	15	18	26	36	28	18	39	15	34	34	32	21	14	11	16	17	19	27	14	29	21	22	22	19	14	27	38	23	26	40	24	15	12	15	30	21	18	25	27	40	26	34	24	33	14	32	23	39	16	40	31	13	33	13	24	25	16	22	28	28	32	29	11	30	36	22	39	30	30	40	27	32	24	22	32	38	24	38	15	24	32	13	22	23	32	23	33	13	23	27	30	39
33	40	19	32	17	22	22	11	26	27	15	35	18	16	36	15	24	37	36	25	29	39	13	37	35	14	18	21	32	27	25	19	13	28	30	13	16	14	28	22	35	13	20	18	19	12	13	27	18	30	39	17	22	38	16	17	16	27	26	24	17	17	20	37	16	29	28	16	35	35	13	25	19	25	24	28	11	16	40	16	26	29	14	26	21	17	31	40	18	29	37	39	30	30	19	22	36	34	25	26
15	23	22	17	34	35	19	17	15	38	21	14	16	11	38	14	25	20	19	20	17	22	19	40	39	31	20	12	28	39	21	29	36	13	19	17	37	12	31	20	23	35	27	24	17	19	24	14	30	29	30	25	15	28	17	17	26	32	20	40	32	40	18	37	37	16	34	20	36	29	17	11	15	18	13	15	11	19	12	18	22	14	21	12	13	33	23	15	31	35	19	26	22	33	38	37	22	15	31	17
33	35	19	13	40	26	39	17	38	33	12	27	29	22	31	11	18	12	36	22	15	39	19	40	31	35	14	28	26	20	35	11	17	24	36	19	29	38	24	23	21	39	13	11	25	28	28	37	32	22	33	39	21	32	14	40	17	12	12	32	20	15	21	34	26	39	16	21	20	28	16	28	31	40	11	30	25	35	30	37	15	22	28	12	22	13	38	33	20	17	29	14	22	32	28	30	39	20	24	11
22	35	22	39	19	39	40	39	36	30	24	38	38	16	26	39	11	27	36	17	32	30	11	12	34	38	37	30	15	34	11	15	30	40	23	14	35	30	28	24	25	37	12	11	40	16	15	37	39	11	15	26	15	35	19	15	32	17	30	21	27	14	34	21	23	29	17	21	26	29	29	29	27	24	23	27	37	27	30	29	34	17	39	30	16	31	25	21	12	19	30	26	31	18	34	24	33	17	27	34
14	11	38	32	19	33	26	14	30	32	38	16	20	39	40	23	29	17	13	18	27	20	20	17	23	33	15	20	29	33	24	37	34	16	32	11	21	16	37	21	17	14	22	35	19	32	17	21	30	40	11	12	16	36	18	15	23	40	23	34	25	39	26	27	27	23	21	13	27	20	23	12	18	36	19	24	39	22	22	33	12	40	17	12	36	11	19	16	37	30	14	36	36	13	40	38	29	38	33	11
33	21	27	35	16	20	36	21	11	27	39	40	21	30	15	25	27	17	25	34	28	27	25	22	34	12	17	25	18	35	32	16	11	36	13	15	19	22	15	20	27	15	31	31	19	36	31	18	36	12	21	23	30	26	21	12	29	32	39	26	40	18	35	29	40	39	17	27	29	27	13	14	21	15	14	39	11	21	37	18	18	21	30	23	27	36	12	40	16	38	27	38	12	11	15	20	40	29	13	40
30	30	11	21	36	27	18	36	37	14	25	23	19	40	27	19	40	31	11	37	24	22	13	31	16	38	22	11	14	27	38	30	28	15	11	40	26	40	15	19	30	22	34	28	39	40	19	27	15	19	17	40	22	16	27	29	36	26	20	24	13	20	17	18	17	16	26	40	37	13	24	22	11	35	37	30	11	22	34	27	38	31	33	28	39	29	13	38	29	33	23	17	17	11	12	28	37	22	14	32
40	17	25	34	18	33	32	24	11	28	40	24	12	18	24	20	16	35	20	38	36	22	21	21	15	26	23	39	39	11	23	20	36	31	27	18	18	26	25	40	14	32	39	11	18	24	17	19	11	19	37	28	40	27	20	16	39	22	38	35	13	39	29	31	14	39	34	15	23	25	28	18	31	23	23	40	38	33	20	34	23	25	32	16	22	22	20	20	21	32	14	17	18	14	27	26	34	31	24	21
23	19	28	27	35	38	21	35	40	16	38	26	29	24	27	30	16	11	29	19	13	35	14	12	39	30	20	34	14	37	33	30	17	20	27	23	18	38	16	24	29	18	39	16	36	21	23	25	32	22	23	34	40	20	15	13	19	39	25	38	11	31	37	24	31	12	34	24	18	12	29	23	32	31	39	25	18	34	11	34	31	21	39	32	32	37	29	26	38	20	26	38	26	40	33	26	14	31	14	20
21	18	20	32	26	40	17	31	39	35	32	18	38	13	37	18	25	21	17	22	22	17	28	24	25	11	30	13	14	17	35	11	26	15	25	39	25	12	22	38	32	14	39	12	37	38	24	25	19	13	11	17	11	22	38	27	12	28	29	28	38	38	24	31	21	24	32	40	23	31	13	15	30	12	17	15	25	23	22	11	21	12	34	24	14	35	15	30	36	35	30	29	40	33	19	16	26	11	37	11
31	38	13	12	33	29	15	28	34	27	28	18	26	33	20	36	11	22	13	11	12	23	32	37	15	25	18	30	30	12	35	15	12	28	38	15	30	39	26	25	14	36	27	22	28	39	30	12	27	11	32	28	35	18	29	24	23	33	26	24	17	33	17	27	33	27	39	39	17	40	27	13	11	31	30	11	27	24	21	25	20	31	35	39	24	31	17	34	16	11	27	30	35	15	24	28	32	31	23	35
23	21	37	19	39	36	34	21	25	33	21	15	30	32	30	26	16	33	25	24	32	18	18	15	28	16	40	38	14	34	30	13	33	40	37	40	36	18	23	24	13	27	35	38	11	38	17	36	15	30	24	20	36	18	20	28	30	12	36	28	27	33	23	28	15	17	34	16	26	25	11	21	20	20	23	37	33	21	33	35	11	12	37	16	14	34	40	40	36	29	23	38	18	14	15	37	25	34	16	38
21	12	39	25	14	17	18	32	14	11	29	35	37	34	38	33	17	25	24	25	25	15	14	28	24	30	27	39	35	28	28	28	24	36	24	15	39	27	36	25	40	15	17	40	40	19	19	16	40	26	32	17	33	34	19	25	21	20	11	15	25	18	29	16	37	18	13	32	34	28	22	14	34	12	28	36	12	22	29	30	31	26	32	16	30	33	29	26	37	32	17	30	39	33	37	29	23	27	39	20
21	26	13	20	14	23	32	17	34	13	15	40	36	37	21	15	13	23	13	37	31	25	38	18	34	18	37	29	23	16	30	31	14	15	26	19	26	38	15	31	20	24	38	30	30	27	26	17	25	32	27	27	22	31	19	22	27	33	29	24	24	39	27	32	27	33	15	35	22	23	24	29	15	18	13	32	26	36	24	13	31	28	13	31	16	37	33	11	28	39	35	23	11	16	37	29	38	28	33	19
12	30	40	36	18	13	29	31	23	23	26	32	19	29	27	40	35	25	14	12	20	12	24	29	25	17	19	37	12	32	38	26	20	11	29	37	37	17	17	24	27	37	13	14	12	15	17	21	14	37	18	18	14	15	35	11	35	27	34	38	15	34	23	22	16	12	26	21	13	37	36	28	20	29	39	28	20	18	25	17	26	35	27	31	34	32	26	14	11	36	38	29	28	26	32	28	33	16	26	13
29	28	21	28	26	17	27	30	35	20	13	18	24	35	40	14	32	17	32	35	27	37	15	17	18	33	32	36	13	35	35	12	15	29	26	39	38	34	11	35	25	37	39	38	12	31	15	30	25	29	29	38	40	30	17	13	37	32	28	28	40	18	16	38	13	35	25	16	30	14	30	14	38	13	23	33	21	16	36	14	36	23	13	11	40	13	12	32	26	38	31	18	39	24	38	31	34	25	13	21
30	35	23	22	33	33	23	40	24	13	21	18	14	12	19	18	14	19	31	26	34	31	17	35	36	26	23	40	36	37	34	24	13	21	15	18	19	17	17	33	16	32	32	17	13	26	34	12	21	14	29	34	37	28	40	22	13	35	28	12	24	18	11	35	23	21	32	39	29	40	26	22	35	12	31	21	37	28	20	23	27	35	19	32	18	17	39	28	19	22	26	22	29	27	33	18	16	26	30	22
39	25	31	25	32	22	17	25	28	17	31	33	19	39	34	15	17	31	13	28	28	12	14	25	39	37	39	33	16	30	35	15	27	34	27	21	21	16	33	21	31	37	32	38	27	12	38	13	35	38	31	21	24	11	12	33	21	16	21	11	31	30	34	40	14	31	33	36	14	29	16	40	33	24	23	33	33	19	37	19	40	18	14	13	40	13	24	18	15	24	18	22	16	33	29	40	15	16	32	23
32	11	14	34	30	36	33	30	13	33	29	38	24	36	27	18	27	30	32	23	25	38	19	32	37	26	18	18	28	25	27	39	16	32	27	29	11	37	40	21	12	19	32	36	30	15	34	35	29	31	17	21	25	12	11	24	38	35	28	18	30	17	34	16	21	28	22	19	12	30	19	21	27	23	14	12	29	27	19	33	23	12	33	20	11	36	27	34	18	37	34	24	28	26	17	31	30	31	24	34
11	36	31	21	26	25	36	40	31	17	27	33	28	40	11	34	31	29	26	29	30	37	30	37	35	40	15	24	28	26	35	38	26	30	30	38	11	40	25	28	16	28	40	22	18	18	16	39	22	31	11	25	24	40	19	29	37	24	12	12	39	23	40	37	22	21	37	12	27	23	37	25	40	30	30	16	27	37	30	16	32	31	35	18	23	38	13	24	37	22	38	34	13	30	24	29	24	31	25	32
19	28	27	25	37	11	15	37	14	19	27	19	19	33	20	13	27	33	13	28	11	30	24	18	33	19	32	37	24	27	28	39	28	20	25	28	37	18	28	14	35	28	25	34	24	30	35	24	36	20	12	26	24	23	36	12	24	29	23	34	15	21	13	29	34	31	34	39	34	11	37	22	15	32	24	17	33	29	23	22	17	24	31	39	14	31	26	32	22	24	20	32	20	26	36	22	27	32	14	24
24	21	36	21	39	32	25	23	30	38	25	20	28	15	15	39	35	39	28	34	36	22	13	13	25	28	29	22	37	30	39	27	17	18	33	14	29	22	13	13	30	28	20	21	40	30	24	19	35	28	11	36	25	28	18	24	28	12	31	31	23	37	30	17	15	20	27	33	16	22	28	21	26	28	28	16	40	25	11	28	20	25	21	34	39	14	14	27	12	39	34	40	13	17	16	36	38	19	23	14
33	19	32	28	23	38	20	33	39	30	22	34	13	22	19	30	26	23	14	31	20	29	30	38	16	37	26	21	20	39	34	35	27	19	35	15	12	21	23	22	32	33	17	22	22	11	16	30	18	11	13	39	29	33	34	40	16	14	12	12	37	15	13	12	24	11	23	14	31	31	23	14	29	13	37	21	36	24	24	37	30	25	31	22	35	28	24	32	36	18	15	32	26	23	40	39	37	28	28	40
14	22	19	38	26	37	27	14	24	34	25	35	29	24	14	39	34	22	26	14	30	15	38	33	11	27	20	11	18	35	28	21	19	27	31	34	24	23	27	11	22	32	36	16	31	27	22	16	29	17	30	33	15	28	39	25	21	20	28	38	37	25	23	38	11	38	31	25	20	26	11	39	20	11	32	33	23	29	25	19	16	17	18	29	25	11	33	28	37	16	29	17	40	17	18	18	33	25	20	24
31	11	35	24	12	15	13	13	22	33	39	11	11	13	19	39	27	11	18	40	33	30	30	24	22	17	34	17	28	24	38	31	21	33	31	29	11	15	17	38	40	39	37	12	23	37	29	23	12	34	25	36	20	15	11	15	29	23	35	11	32	11	20	33	17	38	27	16	33	33	18	21	36	34	25	17	11	22	33	30	13	18	34	36	13	15	21	16	11	40	29	31	19	25	18	31	23	26	20	12
32	14	18	32	25	30	40	21	35	33	35	23	11	37	28	40	17	38	40	23	32	17	34	16	29	33	33	37	32	22	12	39	15	14	23	15	34	13	39	25	25	16	17	32	24	27	13	24	13	15	13	39	13	27	11	21	15	39	13	23	37	22	40	12	28	24	22	30	37	23	39	29	19	20	24	32	18	38	26	34	40	39	24	21	15	15	32	22	11	21	22	11	31	36	21	19	11	16	40	33
19	28	25	39	24	11	36	13	34	14	13	21	13	27	22	12	22	26	31	30	23	15	30	25	16	33	17	39	24	36	15	29	40	37	23	24	15	16	35	33	40	30	17	32	17	27	24	23	40	40	17	28	28	39	14	35	31	40	32	28	37	21	23	24	18	14	30	29	23	32	32	18	34	31	39	40	37	29	37	30	36	16	16	17	25	13	12	19	29	18	14	31	25	40	25	25	21	39	25	12
30	16	29	40	39	14	19	14	18	25	11	12	38	39	12	22	28	35	29	23	39	32	28	14	34	18	36	27	22	25	29	18	40	31	17	35	29	12	15	34	30	25	14	39	12	25	21	29	33	15	26	33	22	21	13	26	25	18	23	26	22	37	15	16	25	35	24	11	27	36	11	21	23	16	29	40	31	11	32	19	22	20	38	20	14	37	37	16	17	29	22	11	26	29	39	21	30	24	40	26
17	15	20	21	35	28	16	36	11	16	40	36	19	17	19	18	24	21	20	36	34	21	26	34	27	35	22	15	16	29	12	29	14	15	22	28	21	21	35	29	11	40	14	17	16	26	16	23	29	11	34	32	37	35	39	35	40	39	21	23	12	21	38	39	31	25	36	36	18	24	22	40	15	20	20	25	34	27	26	25	31	30	33	32	15	36	11	37	33	27	11	32	20	14	19	16	23	14	40	30
34	12	24	34	40	25	39	26	16	18	23	20	14	34	40	37	36	12	30	21	16	15	12	16	31	17	24	22	14	15	36	22	35	36	16	27	13	13	36	22	16	25	11	22	11	24	17	38	26	23	25	38	11	37	19	17	24	12	29	39	23	32	39	11	31	16	39	18	13	13	37	26	35	20	34	32	38	13	30	36	23	12	16	14	12	11	18	17	16	35	37	11	23	40	37	21	34	28	40	28
37	29	14	27	20	19	17	21	17	28	29	20	36	18	33	20	15	20	36	38	30	22	32	12	29	30	20	38	18	30	39	22	32	21	36	31	36	31	26	37	28	15	15	27	40	13	34	26	27	25	30	24	24	38	22	35	28	17	13	31	26	22	23	14	39	17	24	31	31	13	24	35	29	19	13	11	15	22	35	35	24	14	40	30	35	11	36	16	29	16	27	14	16	20	13	16	20	20	29	28
19	39	19	11	33	40	37	16	20	39	15	22	14	28	27	35	38	37	29	36	39	19	22	15	37	31	26	12	27	20	21	28	18	31	36	18	24	32	31	31	34	16	12	16	12	29	34	17	20	23	14	11	35	40	17	25	40	26	21	40	38	28	32	16	32	14	18	40	34	23	12	25	15	25	30	17	38	35	16	13	40	20	33	28	40	11	26	12	37	33	33	36	35	15	17	17	12	20	16	40
34	11	25	22	24	15	34	16	13	22	28	22	27	35	18	17	30	33	20	37	33	36	31	30	33	28	11	29	22	26	38	32	19	19	14	12	17	12	38	35	22	35	21	26	13	30	34	27	14	28	18	38	28	25	16	38	32	20	14	30	20	30	15	19	11	31	12	35	28	23	36	40	22	13	31	40	17	15	22	34	25	15	22	25	29	24	24	17	25	28	18	20	36	21	19	15	29	17	17	31
14	11	20	27	24	32	33	20	13	35	33	13	27	13	40	21	20	24	37	26	11	17	38	15	23	29	27	33	16	30	32	39	21	39	30	27	30	20	31	14	24	24	16	24	30	22	33	11	22	21	20	15	15	33	28	20	18	36	17	34	14	12	15	30	14	12	31	22	15	20	20	13	23	40	36	29	23	35	28	30	37	21	40	30	27	12	34	23	35	19	15	30	19	21	21	23	29	19	22	37
36	37	19	25	39	18	20	36	19	35	30	40	36	16	25	17	27	38	15	29	17	15	12	22	14	14	19	20	27	35	11	35	20	22	13	35	31	36	11	22	40	29	12	25	21	24	21	38	12	11	12	30	26	22	19	22	27	34	14	32	25	37	12	36	22	13	14	21	16	37	32	17	25	30	36	26	37	31	35	26	25	20	37	23	24	32	36	37	29	18	38	23	35	19	20	16	19	36	14	16
24	32	39	39	13	20	12	16	11	22	40	34	21	11	22	33	19	19	18	40	27	25	38	20	11	30	28	20	22	39	13	23	16	29	14	19	21	35	18	38	16	20	27	27	38	30	40	23	36	20	32	40	35	14	20	23	40	16	33	22	24	30	36	24	39	27	21	25	20	40	34	33	20	36	16	26	24	23	28	11	15	22	39	16	33	20	37	11	14	35	36	37	22	37	30	31	28	19	37	33
22	31	23	14	27	34	38	20	27	13	30	26	24	12	34	26	30	15	17	14	31	19	13	39	13	33	34	29	29	30	40	20	37	13	14	40	25	20	15	27	35	16	32	19	29	18	36	39	14	13	36	19	28	26	39	13	19	18	24	33	14	16	28	11	40	40	15	34	16	15	40	20	34	38	15	36	23	16	34	22	20	11	40	25	34	26	31	35	28	36	14	11	35	21	35	23	40	12	13	38
20	21	15	31	12	20	21	12	40	32	35	36	17	22	32	38	22	27	28	26	32	39	19	12	24	32	31	18	34	30	26	19	13	40	26	24	17	24	35	40	40	17	24	28	24	13	13	21	29	35	27	18	30	40	26	21	30	29	39	20	11	11	26	11	32	35	25	26	23	22	22	40	11	30	14	27	35	21	11	11	24	31	29	31	17	38	33	22	37	17	34	38	37	24	18	35	35	39	14	23
35	34	35	39	25	36	13	15	36	38	22	35	35	34	14	19	40	27	26	26	19	37	38	40	25	35	33	11	26	24	22	34	33	26	33	25	34	17	31	39	16	22	25	37	22	16	39	19	28	28	13	29	39	25	19	38	27	23	14	35	23	36	37	29	33	38	23	21	33	37	28	33	37	25	12	40	40	17	27	18	12	33	14	11	27	24	27	18	37	40	20	13	22	36	32	21	31	29	12	30
21	24	11	22	32	37	35	11	17	38	12	24	27	36	29	36	20	26	37	17	34	16	18	32	27	37	25	26	31	38	12	21	27	25	16	16	28	35	35	18	39	28	30	15	39	21	27	11	37	24	37	40	20	29	14	36	26	27	34	33	14	18	13	35	26	15	24	21	11	22	20	37	11	36	34	30	38	16	12	22	21	13	23	37	38	14	39	39	31	38	27	18	16	38	14	40	35	22	33	38
31	21	16	34	13	38	28	39	14	30	14	27	14	38	22	12	11	35	38	26	32	15	17	40	32	36	21	13	24	37	15	18	33	27	39	31	25	30	15	31	31	34	40	23	31	25	32	12	20	19	40	14	28	33	34	33	36	30	39	12	38	18	24	38	18	26	36	36	19	36	27	30	11	39	17	34	31	14	28	22	37	20	38	14	31	36	20	37	31	25	40	39	31	24	38	15	37	36	26	28
33	19	12	16	22	26	30	36	23	31	34	27	39	28	15	39	33	16	22	29	13	17	36	36	37	15	15	26	17	37	35	19	27	32	25	14	18	36	24	34	34	33	15	17	20	29	28	19	28	22	18	27	34	18	31	15	22	26	38	27	22	27	29	36	36	11	37	21	40	35	27	37	39	38	23	39	31	26	19	11	24	35	20	28	31	18	17	35	26	38	39	25	37	34	15	12	26	34	38	18
25	31	39	31	32	39	17	19	25	33	31	18	27	40	27	19	32	23	27	33	38	18	19	35	12	27	38	27	19	38	31	38	20	24	31	39	29	19	19	30	26	14	26	27	37	23	26	19	39	23	24	30	13	17	23	34	31	22	12	25	11	33	33	31	18	19	33	14	25	37	23	24	38	16	23	18	33	39	31	14	37	28	34	39	40	39	34	32	21	38	37	40	25	23	21	38	34	24	35	22
22	20	26	21	27	39	23	22	19	40	24	32	37	39	17	40	19	35	30	34	31	16	14	11	24	36	11	32	23	13	22	32	25	20	22	23	16	30	17	19	40	23	40	34	34	29	26	24	39	21	33	15	13	23	37	31	25	33	35	23	37	37	26	25	20	40	14	40	13	39	14	12	25	28	18	23	15	40	23	26	30	29	26	11	33	29	37	15	12	18	20	37	20	28	23	40	37	32	19	38
26	31	17	29	13	40	19	28	36	32	35	27	27	26	28	22	35	33	34	11	38	22	33	34	29	21	24	36	19	32	22	29	28	32	30	23	37	29	34	24	27	34	24	32	27	15	18	24	36	38	12	36	22	34	22	36	26	18	29	28	34	25	33	35	35	22	20	21	19	12	36	12	35	15	24	25	23	40	36	18	21	18	27	19	28	31	23	31	31	15	31	38	24	13	15	38	12	40	22	32
39	20	30	25	14	34	40	32	37	34	16	23	32	12	12	38	16	36	24	11	39	18	17	13	17	14	28	31	24	17	15	22	23	29	16	16	33	39	34	20	11	30	22	24	22	34	34	22	32	32	24	32	27	11	14	25	36	38	30	28	15	21	21	21	25	28	19	36	39	18	23	24	26	32	14	30	37	25	30	21	20	19	26	15	40	30	26	12	39	20	12	40	37	26	33	38	29	16	27	19
28	25	34	35	34	37	14	25	30	14	16	17	37	39	37	26	16	34	37	29	34	12	24	38	28	13	33	36	39	22	34	34	21	12	26	37	22	28	19	17	25	22	31	14	36	38	32	29	40	21	28	21	19	13	18	38	38	19	38	27	20	36	39	29	11	15	39	26	23	28	34	29	15	18	12	21	19	16	12	27	29	15	35	18	35	39	30	12	40	15	27	14	39	39	27	39	30	22	13	32
17	10	6	52	27	99	21	36	16	33	94	51	9	86	54	25	28	14	59	20	12	23	98	44	64	49	45	100	42	79	39	76	2	41	62	69	40	90	77	83	22	50	47	84	55	65	35	61	78	34	3	67	8	81	88	89	74	97	43	75	37	15	13	4	57	73	56	70	11	30	29	26	92	58	91	85	48	53	80	87	1	38	32	95	60	93	5	96	71	72	66	82	7	18	46	19	63	31	24	68
96	62	10	19	47	90	95	22	66	2	37	12	60	21	65	51	15	97	50	86	17	26	34	83	52	91	59	36	88	25	32	69	43	18	44	42	40	98	71	63	68	70	93	79	41	8	3	89	4	13	99	1	31	72	57	29	84	38	53	92	45	5	35	87	11	33	30	61	67	28	54	16	55	14	85	73	77	100	75	49	94	64	78	81	39	27	9	46	48	6	74	76	24	23	7	80	20	58	82	56
7	55	40	80	74	4	41	15	18	81	99	38	59	94	79	23	87	95	47	20	92	98	37	14	84	2	54	25	72	10	30	36	85	1	75	3	16	70	46	26	48	61	76	31	78	97	33	82	77	63	73	49	71	8	45	42	66	19	68	88	93	83	69	35	90	44	27	9	32	100	50	5	17	67	29	39	56	86	89	11	22	21	12	28	64	43	24	60	58	62	53	51	96	91	6	52	13	34	57	65
88	100	44	86	97	39	93	58	30	14	68	4	37	21	76	38	51	32	65	80	36	35	72	83	48	9	5	75	41	81	50	1	99	13	84	16	7	85	70	49	11	98	34	8	25	27	69	90	24	77	46	43	47	94	73	26	55	95	78	64	10	12	82	92	29	53	74	56	66	19	23	42	59	61	89	2	22	18	3	52	54	60	67	96	33	79	71	15	40	87	91	28	6	62	63	45	17	31	20	57
20	21	28	92	67	47	95	79	7	62	48	58	100	73	75	10	56	96	23	71	93	70	5	49	39	32	91	77	57	98	85	31	34	38	30	68	17	42	19	41	87	13	11	45	24	27	44	90	94	9	88	3	4	61	35	36	50	72	81	37	52	6	16	55	25	99	80	46	82	29	2	15	74	64	14	8	54	84	33	53	97	18	60	43	63	69	89	66	12	22	65	76	1	83	26	78	59	40	86	51
81	65	49	38	17	84	26	2	36	100	7	13	16	94	5	41	83	93	86	44	50	43	62	91	63	47	55	35	6	20	25	10	39	69	98	3	79	18	29	82	12	37	48	76	56	73	14	77	71	32	19	58	97	75	15	88	33	45	92	27	52	68	80	54	61	78	22	67	66	72	31	99	8	4	74	89	57	9	70	11	59	60	40	30	34	90	53	24	96	23	28	85	64	87	51	21	1	46	95	42
42	2	99	35	9	32	19	74	53	36	64	6	22	57	16	33	97	62	68	76	10	49	31	95	96	92	89	11	70	18	88	52	34	90	27	29	15	69	63	47	7	67	14	72	84	46	40	4	1	24	3	80	25	85	43	75	12	38	73	20	39	81	44	100	23	60	91	71	98	78	79	56	86	17	21	5	77	87	66	48	45	54	58	37	28	94	41	8	50	82	13	30	55	26	83	61	51	93	65	59
70	32	50	66	71	18	89	43	58	17	30	69	34	88	79	2	91	99	55	41	63	84	14	87	37	75	59	82	94	92	10	29	53	28	49	26	36	22	4	86	98	21	35	77	78	8	93	12	96	48	19	90	27	83	40	65	1	56	3	9	73	25	74	7	46	6	31	38	39	64	62	80	15	95	100	23	44	72	85	76	11	57	97	45	20	51	5	42	24	52	47	61	68	54	60	33	13	16	81	67
39	63	62	71	34	12	8	37	32	99	98	53	72	52	16	36	6	69	24	54	20	77	64	7	92	17	11	26	18	87	1	43	30	33	46	38	67	50	47	14	49	58	21	45	75	23	25	91	61	84	60	35	55	56	41	10	79	80	96	68	76	44	27	82	2	81	57	59	97	13	93	85	19	22	89	90	28	9	65	74	48	95	15	100	78	42	3	70	31	86	94	88	4	29	51	73	5	66	83	40
71	62	77	41	61	92	97	13	95	27	78	28	59	68	51	10	76	52	14	43	25	99	98	23	9	35	20	4	17	65	84	87	72	29	79	36	21	73	85	39	15	86	24	1	54	58	50	47	90	33	32	57	45	44	8	2	37	82	93	53	7	100	55	38	70	30	64	74	34	60	16	91	11	69	94	80	89	18	75	88	40	5	83	3	46	42	12	49	63	67	66	96	81	19	31	22	48	6	26	56
34	26	42	62	49	8	48	56	10	87	73	18	25	74	17	19	61	85	72	20	4	95	14	94	28	50	79	71	59	3	54	93	47	86	39	63	66	70	98	37	52	24	45	76	2	91	82	89	27	80	23	92	5	67	81	6	90	46	40	53	78	84	88	55	38	22	77	33	1	32	13	99	58	96	60	29	68	9	100	97	21	83	41	44	57	35	31	7	11	65	75	30	15	51	16	69	64	12	36	43
89	21	45	25	19	95	74	63	26	12	46	22	59	3	92	30	41	10	64	61	93	65	94	2	91	23	15	80	31	49	34	29	72	81	78	77	33	54	38	14	1	82	9	73	32	47	87	86	16	4	17	40	24	99	11	88	44	66	8	58	84	76	68	67	43	50	42	85	69	37	53	75	13	79	27	7	52	60	62	97	18	100	90	71	28	55	36	48	56	35	98	39	51	70	5	6	20	83	57	96
42	15	98	72	99	78	60	86	63	39	53	9	73	87	94	80	8	71	45	81	23	5	27	95	18	22	64	77	92	49	61	28	90	56	38	13	33	19	1	65	4	30	20	96	40	79	100	47	50	48	21	36	26	34	11	85	43	69	14	59	32	83	66	10	31	55	12	35	6	70	52	75	62	25	3	89	7	2	74	24	82	51	93	29	16	76	88	41	37	91	46	54	58	67	57	68	17	84	44	97
60	61	82	63	92	42	65	3	86	85	47	55	29	48	53	98	2	69	91	40	11	50	62	10	12	16	64	32	7	20	45	44	22	26	74	80	39	71	34	75	14	17	72	70	93	67	18	13	15	73	46	77	25	5	36	58	78	23	100	89	96	57	27	49	79	84	4	19	28	83	51	59	24	66	35	41	54	33	94	1	95	56	9	43	99	76	8	88	52	21	90	6	31	37	87	97	38	30	81	68
68	38	28	39	13	94	36	30	49	45	84	9	5	81	96	90	29	61	1	32	22	58	69	34	80	63	35	25	21	67	8	11	93	82	50	37	23	56	16	6	53	7	91	51	43	88	27	47	60	73	55	70	78	100	44	65	18	66	95	31	86	92	57	59	26	40	19	3	72	74	2	87	14	52	71	85	41	83	33	48	99	46	4	12	77	75	62	20	10	17	97	64	42	24	98	54	89	79	15	76
83	42	3	87	85	33	92	34	90	35	17	20	100	41	18	75	44	50	66	61	82	27	95	47	97	96	22	24	52	99	2	9	60	31	39	74	91	80	69	38	13	58	49	68	55	19	8	86	5	15	37	25	51	4	59	94	6	93	79	28	89	65	64	23	98	84	45	7	81	48	72	29	46	21	14	40	76	12	1	63	67	56	70	11	30	71	54	57	73	77	32	43	10	78	26	36	53	62	88	16
11	73	48	41	75	30	45	88	82	20	81	28	69	52	31	70	50	80	18	78	8	89	38	19	97	90	57	4	68	34	83	74	94	98	9	91	60	54	5	35	43	100	53	10	58	12	24	86	65	67	49	76	63	6	42	32	93	1	85	64	95	16	79	77	33	17	71	39	37	59	84	27	13	66	3	14	2	23	47	36	55	46	72	25	87	62	56	40	15	21	7	44	92	29	96	51	22	99	61	26
60	29	14	52	74	59	8	34	65	63	78	95	89	9	7	57	28	31	4	13	47	58	43	35	73	88	24	44	49	15	1	92	33	85	97	39	67	40	50	10	70	37	96	27	23	69	48	53	12	18	3	62	94	82	71	46	79	30	80	19	86	100	84	93	11	26	72	64	51	77	6	99	45	5	36	56	75	66	21	68	98	81	42	20	55	38	41	87	61	2	54	22	83	76	91	25	17	16	32	90
39	50	70	1	91	44	51	73	27	80	3	47	65	62	97	61	57	16	49	25	99	85	20	46	59	87	17	2	82	45	77	72	69	9	13	8	95	28	22	79	24	29	31	84	98	66	32	15	74	11	10	6	14	92	60	76	58	41	63	88	100	21	26	53	54	68	52	48	37	71	7	36	33	38	94	35	5	42	90	64	4	43	81	55	86	96	19	12	89	83	93	78	75	18	67	56	34	23	40	30
66	29	98	14	16	19	78	93	82	26	47	32	39	71	33	44	46	43	69	94	87	54	52	30	5	72	67	58	12	21	83	99	75	7	24	76	95	90	27	64	62	59	77	55	68	31	45	56	96	36	73	38	88	81	23	97	61	70	86	74	8	57	1	18	25	13	28	41	17	80	4	6	9	48	50	22	10	49	92	40	63	3	42	89	35	85	91	51	20	15	11	65	60	53	84	2	100	37	34	79
1	19	13	53	65	71	23	62	10	51	47	88	86	64	76	74	87	93	81	60	85	35	2	45	59	78	96	26	77	24	38	50	90	31	97	55	82	28	40	69	30	5	15	12	95	27	79	43	75	18	99	29	6	70	7	67	20	21	66	36	91	16	22	17	80	58	39	11	63	3	44	73	49	14	54	52	37	89	98	46	100	25	32	42	94	61	68	9	84	41	72	83	33	56	34	57	8	92	48	4
80	64	27	54	92	50	53	38	34	71	90	65	94	48	88	89	84	12	58	11	98	68	14	49	74	70	18	87	63	67	55	81	17	6	9	75	23	5	56	45	28	3	66	36	52	46	44	59	60	30	93	31	83	86	29	76	62	78	40	47	43	51	37	96	22	1	77	21	33	15	72	10	79	7	85	91	61	13	100	39	4	95	25	16	8	35	42	26	99	32	19	2	24	20	69	82	97	57	41	73
95	71	74	75	37	80	54	92	76	22	78	4	86	49	98	13	34	82	46	10	29	21	38	36	39	7	60	30	81	55	70	19	48	41	97	12	33	83	68	47	66	96	52	28	99	77	17	20	26	57	42	90	64	40	94	65	8	6	3	63	31	23	53	1	27	85	2	14	73	9	24	61	32	69	50	5	18	58	44	16	91	100	35	72	84	11	93	25	56	67	43	62	79	51	15	89	45	87	88	59
55	45	67	82	10	11	86	8	46	53	2	61	72	81	7	89	1	84	71	37	14	9	80	91	15	65	73	12	35	40	68	23	99	85	4	26	97	57	52	62	75	44	21	49	3	47	83	98	66	43	17	100	13	79	59	42	22	93	69	27	90	33	64	56	94	24	29	16	19	63	25	48	41	28	20	31	58	77	6	78	50	76	34	36	92	88	60	38	39	87	18	74	51	5	96	32	30	54	95	70
56	26	29	44	67	19	76	13	7	87	46	9	42	71	45	47	36	21	63	33	14	48	31	43	1	82	69	64	17	60	79	20	93	77	28	85	62	65	100	83	54	12	27	68	41	39	2	73	3	25	52	66	40	97	88	78	61	18	30	80	16	32	22	15	4	23	57	58	90	24	98	5	55	75	86	8	35	99	74	84	70	95	96	49	34	89	50	92	38	6	51	91	11	10	94	53	81	59	72	37
10	38	23	54	33	70	30	2	41	39	25	50	15	97	13	26	44	22	59	90	75	77	93	99	61	6	40	9	66	52	19	16	17	31	57	49	43	21	74	51	63	47	91	55	28	24	72	56	94	79	69	42	87	85	8	5	73	83	12	37	88	62	3	80	29	46	27	89	45	32	71	67	34	78	82	48	64	14	84	81	35	18	60	96	4	36	53	98	100	86	11	58	20	68	1	76	95	65	7	92
66	82	65	98	48	64	25	100	27	94	5	57	88	63	36	60	41	61	3	23	89	52	75	34	78	40	92	10	59	69	35	38	16	2	7	83	4	22	13	76	50	46	42	56	17	49	37	24	97	47	95	73	28	6	55	9	1	79	29	84	30	18	91	31	8	80	99	70	77	86	51	71	45	58	33	43	12	15	68	26	14	39	67	85	21	74	53	72	96	44	90	19	81	87	20	54	32	11	62	93
25	80	14	78	18	6	61	4	33	93	32	73	92	31	29	51	97	47	5	24	19	46	71	90	79	60	68	8	77	74	38	62	22	87	1	43	82	40	65	56	64	53	76	100	10	49	70	72	30	52	34	20	88	81	66	11	67	59	36	84	28	44	16	98	2	85	45	58	95	83	75	21	12	94	69	91	99	57	3	17	15	86	48	42	23	35	63	41	54	89	26	13	50	7	9	96	37	55	27	39
20	76	33	74	97	49	70	99	37	12	91	43	54	22	71	98	57	23	64	62	95	87	16	60	14	88	82	69	24	46	25	45	11	19	7	96	51	90	93	94	30	75	34	50	83	32	35	36	47	67	41	2	21	27	9	6	1	40	13	66	31	59	79	29	68	61	8	78	10	44	63	42	92	100	73	48	86	52	15	4	85	53	65	72	58	26	84	89	56	17	3	80	5	18	28	55	39	38	81	77
88	39	15	8	28	40	84	7	93	10	65	14	96	73	90	21	50	32	41	77	54	6	94	75	37	36	1	9	86	18	35	98	92	72	91	71	87	24	26	33	67	45	52	44	76	57	70	60	85	31	29	4	3	53	49	56	59	100	5	63	55	19	74	27	23	46	68	13	80	79	81	66	97	95	30	58	12	99	42	16	62	43	20	38	51	83	78	69	64	82	89	61	48	47	22	17	2	34	25	11
88	42	6	31	22	35	43	30	73	59	79	8	34	44	39	51	97	80	3	82	27	85	99	81	48	26	63	15	24	56	90	41	13	89	58	77	64	98	57	52	74	69	25	53	91	29	75	32	38	11	67	1	46	61	68	16	72	50	40	65	66	45	20	100	21	36	28	54	76	86	4	62	7	12	83	70	23	19	96	33	10	71	2	17	95	92	60	55	49	87	94	47	5	9	78	84	18	37	93	14
66	35	55	63	71	1	14	95	92	50	7	74	83	88	4	45	15	21	94	97	51	64	28	2	87	65	59	18	72	5	3	19	25	32	42	76	75	68	16	84	37	86	69	12	73	80	27	82	29	78	91	52	6	93	85	10	30	41	58	53	44	49	34	100	17	62	31	56	24	77	22	47	33	48	60	79	23	54	70	9	96	81	57	43	40	46	38	13	36	90	26	61	11	67	99	39	98	8	89	20
33	9	8	23	19	2	38	82	72	21	60	10	67	65	76	52	1	46	54	100	40	69	64	91	90	98	74	13	94	80	7	93	6	70	11	5	89	18	63	32	16	48	25	47	14	31	44	35	68	95	87	37	30	42	73	53	36	34	43	85	79	17	57	61	26	58	88	99	97	12	45	84	49	24	50	55	28	96	20	62	81	15	59	29	56	92	22	51	75	86	66	77	41	3	4	39	83	27	71	78
99	28	10	57	35	77	53	11	56	74	2	1	40	58	38	71	64	63	43	6	36	22	62	86	13	20	87	61	98	45	82	73	79	97	32	23	92	49	93	47	69	84	52	65	91	54	31	27	89	100	68	30	88	60	34	41	46	3	7	33	21	26	66	4	51	9	95	42	83	29	50	39	81	18	78	55	90	75	17	15	76	5	19	59	37	67	48	44	80	14	94	72	70	25	24	16	85	96	8	12
74	11	62	75	99	60	71	21	65	97	42	26	89	43	82	32	27	44	30	10	34	20	13	73	84	91	38	2	48	76	57	6	9	69	72	47	70	77	64	29	85	83	86	68	50	23	41	35	36	49	58	87	81	18	78	40	63	95	5	28	39	19	25	14	37	66	8	59	88	56	92	54	17	98	79	100	94	67	33	55	12	93	96	31	22	4	7	1	15	51	80	90	52	53	24	45	3	16	61	46
76	73	36	15	44	21	26	98	80	61	79	100	53	99	65	39	33	16	78	4	93	43	35	13	94	71	92	6	27	10	31	69	91	19	89	86	95	3	41	8	90	1	70	64	74	22	12	23	88	48	17	34	62	51	85	54	50	9	55	52	59	57	38	82	29	28	5	24	75	97	58	32	96	30	40	45	7	81	60	83	63	49	11	46	77	84	72	20	25	2	66	47	67	14	37	56	87	18	42	68
44	37	23	86	33	28	89	73	32	67	14	52	4	72	94	3	59	75	83	81	77	35	13	58	100	64	51	22	45	91	62	54	29	26	85	8	11	84	20	31	50	88	47	63	40	5	96	66	2	87	49	92	68	97	12	16	39	9	79	27	56	95	25	76	10	65	78	57	70	15	21	48	41	24	19	98	6	43	42	55	46	1	90	69	7	53	93	74	80	38	17	71	36	18	30	61	34	99	82	60
91	27	72	7	58	47	93	80	63	3	18	69	84	51	59	2	94	8	25	19	76	17	46	75	41	86	38	39	11	42	64	48	62	21	40	68	23	95	50	14	61	44	78	29	56	55	53	54	97	67	33	99	98	5	66	100	65	1	20	77	30	4	90	60	92	79	22	49	88	83	10	45	82	13	35	57	15	36	9	89	87	73	52	34	28	96	85	32	71	6	43	24	16	26	12	74	31	81	37	70
25	43	90	87	82	89	61	81	50	71	100	66	19	60	1	30	76	98	93	55	34	80	20	10	95	8	70	78	24	83	59	52	33	97	99	58	35	21	51	37	7	27	56	72	36	85	38	49	29	28	86	68	94	2	31	40	5	96	9	41	42	53	14	88	16	18	62	15	4	12	6	79	65	91	75	47	67	73	39	64	44	69	3	13	26	74	45	11	77	22	17	84	92	48	54	46	32	63	57	23
4	15	62	5	45	58	11	17	36	18	19	71	35	98	7	12	2	74	69	6	16	57	40	39	10	43	47	88	55	21	31	48	23	44	27	26	76	100	49	90	79	25	56	65	73	38	8	77	60	33	37	89	28	34	94	85	59	78	72	32	61	86	75	9	70	95	91	81	52	87	84	82	30	24	50	51	42	20	96	46	63	83	66	53	3	54	97	13	29	92	64	80	99	93	14	68	67	22	41	1
41	62	27	65	34	39	74	78	69	13	17	38	97	25	48	18	92	4	33	52	26	71	98	7	6	80	61	3	12	29	40	88	11	72	83	51	79	5	75	24	86	94	14	76	91	89	68	100	35	67	60	81	32	77	19	82	70	47	93	8	22	45	36	10	50	63	44	54	55	43	99	58	87	59	64	73	84	53	37	56	9	31	21	2	16	30	90	95	66	15	42	1	49	57	28	96	23	85	20	46
68	98	89	74	95	7	97	94	72	50	70	39	35	23	44	29	43	52	48	75	22	67	32	76	28	41	58	69	92	3	63	83	53	100	17	65	1	37	5	79	56	81	31	62	54	36	12	96	71	91	84	38	88	13	24	78	34	80	60	49	66	27	25	15	45	42	85	93	14	77	57	82	19	4	64	87	55	2	11	8	90	18	86	20	61	51	73	33	16	21	59	47	6	46	9	40	99	10	30	26
91	78	28	29	3	90	98	36	51	79	30	83	11	53	94	33	75	70	62	57	86	88	18	42	68	39	72	99	34	21	7	69	48	22	10	45	67	60	20	40	96	85	87	17	49	31	55	64	92	32	54	58	65	61	12	9	8	47	37	14	82	1	89	77	71	46	35	15	4	2	13	100	50	76	97	16	56	81	41	52	24	25	5	63	26	74	59	23	44	80	95	84	38	6	66	73	27	93	19	43
32	94	30	39	62	45	97	95	65	25	21	56	20	5	92	14	34	85	88	47	46	76	42	80	52	40	86	10	63	2	87	68	67	18	37	1	58	12	4	84	69	26	28	83	98	27	33	93	44	71	82	91	17	6	36	24	77	13	23	9	35	78	41	66	72	11	51	15	57	54	73	16	53	31	49	48	81	8	74	75	7	89	99	22	29	50	100	61	90	43	60	96	38	70	79	55	19	59	3	64
33	23	96	37	70	6	94	9	14	58	43	82	93	16	44	12	90	20	69	22	24	84	7	8	86	35	53	13	26	4	11	17	91	29	76	88	39	92	36	38	55	2	81	77	68	40	75	85	56	83	64	62	25	21	63	46	78	72	67	65	15	61	41	87	18	3	66	30	89	60	49	28	42	31	97	48	80	99	98	71	59	95	73	50	52	34	79	32	54	10	51	45	5	100	19	27	74	47	1	57
2	31	42	20	41	86	46	96	39	66	15	60	99	7	54	56	87	28	91	22	64	43	16	95	6	51	9	93	45	79	98	53	71	48	3	47	78	61	55	76	25	57	52	67	34	26	8	11	77	81	19	69	82	63	62	80	68	12	10	85	83	33	73	65	5	72	44	21	35	38	94	84	30	74	18	40	58	59	75	97	100	23	36	29	4	37	27	24	1	90	89	13	92	88	50	49	32	17	14	70
12	65	35	83	87	37	5	68	38	49	46	18	20	4	15	22	34	24	77	7	100	58	32	6	60	85	91	19	63	79	29	89	57	25	71	72	94	55	45	42	43	78	61	28	10	66	3	70	53	2	54	17	93	69	40	11	59	23	1	73	41	88	31	48	8	76	82	33	90	13	75	98	92	99	52	62	9	36	80	81	51	21	64	74	47	86	95	50	14	67	44	56	96	26	39	27	97	30	16	84
57	10	52	69	56	50	38	13	96	98	3	4	37	24	14	85	97	86	89	33	67	77	44	27	11	30	92	17	81	47	31	79	28	9	2	19	29	68	74	94	88	22	5	20	55	25	90	91	73	87	15	78	62	6	8	58	23	34	70	95	42	1	99	75	41	53	60	45	65	54	80	7	100	18	71	59	48	82	61	93	26	36	35	63	32	72	51	76	84	16	21	66	46	40	83	64	43	39	12	49
91	94	20	46	10	65	12	83	7	6	28	96	71	60	99	21	42	68	45	14	53	4	37	58	1	97	63	54	85	80	35	17	47	70	100	24	57	90	50	52	40	27	59	89	41	2	48	25	55	73	56	38	34	92	67	98	19	16	33	78	39	62	13	64	9	23	49	29	66	88	81	32	5	30	43	61	51	84	8	69	77	87	76	86	26	95	79	31	44	18	36	75	82	22	93	3	15	74	72	11
17	93	56	7	34	50	5	48	9	78	90	89	2	45	28	22	51	85	32	55	77	69	53	21	38	29	73	35	75	27	70	15	13	95	59	60	19	82	23	96	58	74	98	54	11	10	87	47	67	97	24	61	80	37	42	91	68	30	76	43	44	36	99	65	63	88	100	3	6	1	39	52	46	4	20	49	94	18	12	92	14	64	8	84	40	81	72	25	71	26	31	79	41	62	86	33	57	16	66	83
75	12	96	50	86	19	14	52	66	36	2	55	56	72	17	33	39	62	45	35	44	82	34	16	30	91	95	77	90	5	1	4	68	15	13	99	76	93	3	97	18	9	53	58	25	49	79	63	22	92	20	54	57	65	73	71	70	64	38	42	87	40	27	46	28	7	78	26	21	89	24	80	84	61	69	94	37	67	51	23	74	47	100	31	60	88	29	6	59	83	98	43	11	41	10	32	48	85	8	81
64	57	41	44	81	86	27	97	60	26	38	20	82	61	76	99	94	23	7	54	67	45	98	90	55	52	3	39	68	66	77	12	18	22	58	24	78	93	79	1	71	69	53	16	51	96	15	88	80	62	63	9	32	4	29	50	42	13	85	47	14	17	74	28	40	30	43	92	75	49	73	83	36	59	19	89	21	6	5	8	37	2	11	87	95	100	91	70	72	46	84	33	56	10	34	65	35	25	48	31
69	2	26	27	50	88	80	11	35	6	46	33	98	96	49	19	89	38	31	92	3	73	25	15	59	95	9	61	77	54	72	68	14	75	34	65	40	22	13	48	21	76	64	12	17	4	57	18	94	71	29	81	7	51	16	45	1	93	39	91	74	87	66	53	60	30	97	56	79	62	83	24	90	23	63	10	85	100	43	37	84	41	70	32	20	58	55	8	28	99	78	36	67	5	86	47	44	82	52	42
9	66	36	87	56	44	89	72	74	5	2	31	49	86	45	20	79	64	62	13	90	21	23	33	25	35	68	88	11	91	73	100	59	43	30	16	17	78	14	42	98	80	34	82	19	27	93	50	7	83	53	57	32	70	28	54	6	37	47	29	60	18	52	97	96	1	65	10	12	38	51	69	46	4	24	41	8	61	63	39	22	81	3	67	58	85	40	95	94	92	84	26	77	15	76	55	71	75	99	48
13	11	41	64	58	80	59	28	21	94	52	4	14	54	60	39	99	63	50	96	6	70	15	53	12	22	48	91	45	72	42	77	47	76	92	44	29	46	93	97	27	86	85	66	2	43	33	35	98	83	90	81	19	69	79	31	73	51	37	89	9	36	56	88	62	5	78	87	65	95	24	30	61	75	26	16	40	57	20	71	1	82	25	10	8	49	7	74	55	67	18	84	3	34	38	17	32	100	23	68
32	16	34	22	47	76	37	40	74	52	73	55	62	9	97	56	70	1	90	4	91	84	60	36	75	7	57	5	95	29	23	94	78	42	19	48	79	66	53	11	67	44	15	86	2	83	96	51	61	20	59	46	69	26	12	30	10	50	17	43	6	80	58	28	45	41	25	39	82	24	21	65	54	14	100	38	87	64	92	27	77	31	8	33	93	89	81	35	71	98	18	68	63	99	13	3	88	49	85	72
41	80	59	8	96	45	90	16	65	55	84	68	60	63	10	21	69	47	92	75	66	99	11	83	28	14	64	26	35	34	53	67	50	30	3	56	18	27	52	71	5	94	44	62	9	31	98	32	61	2	42	39	23	38	58	76	17	49	79	46	73	48	51	78	74	91	81	100	37	4	29	97	6	87	40	54	95	12	43	77	36	33	72	19	25	93	1	85	86	15	20	24	88	82	13	70	22	89	7	57
75	23	66	29	14	64	65	37	82	8	77	18	81	79	59	4	67	98	2	24	12	63	27	100	31	54	85	91	71	72	73	94	46	22	99	95	25	26	6	41	53	80	39	19	86	51	61	30	90	83	10	47	62	34	38	33	36	57	87	7	96	15	84	13	28	97	16	5	74	32	17	69	9	42	49	68	48	50	89	92	20	93	45	78	1	58	43	70	40	76	56	3	55	11	52	60	44	88	35	21
27	45	38	57	59	71	35	80	34	4	46	47	62	26	44	56	76	84	8	96	58	99	51	86	17	19	93	9	2	85	61	92	11	20	94	18	55	43	98	50	100	68	66	10	64	91	90	72	53	15	83	79	31	67	23	40	24	49	63	69	29	77	48	81	97	54	39	7	87	6	22	52	65	60	70	28	74	12	41	95	42	25	75	16	37	3	1	36	30	82	32	88	78	5	21	89	33	73	13	14
92	38	35	83	88	99	81	19	5	98	48	28	32	44	61	65	71	23	78	85	55	67	34	77	50	25	49	31	69	62	6	29	30	27	17	59	47	76	73	58	4	21	22	66	37	14	54	90	12	10	39	91	72	86	63	45	89	13	87	8	100	1	80	26	64	2	60	75	57	20	82	9	24	41	94	33	46	3	15	40	53	7	93	43	18	56	36	42	70	51	97	79	74	95	84	68	11	52	16	96
48	43	90	100	38	96	30	33	53	88	51	55	64	76	25	11	82	63	98	99	67	80	86	32	75	42	65	50	81	60	46	77	14	68	49	87	15	83	62	8	40	19	91	95	85	39	97	79	10	22	73	27	59	12	94	9	44	84	74	78	47	89	36	54	13	24	2	57	17	72	7	26	18	34	56	16	35	69	5	41	1	31	3	4	20	52	70	92	71	28	37	61	6	58	21	45	93	23	29	66
76	75	25	36	69	49	93	15	55	59	62	3	43	84	68	61	6	80	70	94	91	77	35	18	83	98	82	97	17	67	10	30	39	99	96	58	53	85	74	34	46	5	38	7	87	88	16	60	52	37	12	40	86	11	100	9	4	26	42	23	65	78	29	50	57	31	28	72	56	1	24	63	79	81	89	19	54	47	48	64	8	92	22	27	44	90	20	41	51	13	95	21	33	14	71	66	45	32	73	2
19	32	67	89	59	53	47	77	58	91	40	42	13	69	14	56	4	3	28	41	1	79	37	73	64	80	85	50	43	21	94	35	75	82	48	61	36	96	100	98	24	16	7	97	84	90	45	55	99	25	93	20	71	83	23	54	44	31	51	22	9	33	60	6	62	15	70	39	46	65	27	88	10	68	11	49	57	63	74	78	86	92	66	2	72	52	81	5	38	12	34	17	30	8	26	76	95	87	18	29
88	1	58	56	33	89	52	68	73	66	48	78	49	98	75	67	20	65	79	31	100	7	82	21	29	40	13	27	2	28	43	69	71	60	53	74	70	80	9	90	22	77	8	19	38	26	94	5	99	55	39	25	36	93	16	62	17	95	37	47	34	41	87	6	50	72	12	84	97	44	86	15	51	91	3	46	92	42	96	83	24	35	14	30	32	59	81	85	57	61	63	76	54	45	23	11	10	64	18	4
43	66	40	58	14	53	34	97	60	78	46	17	88	16	35	10	36	65	3	23	90	9	59	73	24	33	37	74	31	95	7	71	38	84	29	85	39	68	72	8	44	57	70	93	47	61	82	99	80	75	100	27	22	25	76	42	81	54	69	20	55	21	15	86	48	52	50	94	49	91	96	11	18	56	12	26	41	45	19	67	5	30	2	6	13	77	83	1	63	64	4	87	92	28	89	98	62	51	79	32
74	25	78	31	47	57	2	10	87	21	19	29	37	92	20	30	39	90	36	48	94	24	35	53	68	88	80	9	27	89	28	54	55	15	14	85	3	32	59	23	97	51	45	16	33	61	70	64	83	8	7	41	49	18	63	77	96	56	93	91	81	75	1	46	100	50	22	5	13	98	71	60	67	79	42	52	6	44	34	58	95	73	17	76	40	99	65	26	69	62	86	12	66	38	82	43	84	11	72	4
88	32	41	68	97	53	12	94	19	14	96	8	5	33	73	17	10	95	6	45	65	57	43	61	69	50	48	86	16	78	85	20	93	100	42	13	7	23	74	15	44	21	9	38	47	54	56	89	49	1	22	3	25	70	51	59	76	71	66	26	29	28	39	35	55	46	4	2	72	24	98	90	31	34	58	11	67	36	52	30	99	37	91	81	77	75	60	82	40	64	62	79	63	87	18	83	27	92	84	80
98	30	32	59	26	79	67	17	36	77	18	48	2	15	22	7	85	43	20	44	62	14	87	34	74	64	12	6	84	52	3	4	21	70	50	27	72	54	58	55	95	33	96	35	60	92	80	89	57	53	61	16	28	9	83	71	46	11	1	88	93	13	23	91	99	8	68	81	47	78	73	19	29	45	40	82	90	75	63	65	41	5	49	86	39	24	51	66	31	100	69	56	42	37	76	38	94	10	25	97
83	34	75	39	17	32	65	42	43	18	15	62	89	5	99	66	54	50	93	61	28	35	53	26	59	100	14	97	16	4	81	58	41	68	37	19	85	78	67	88	95	91	13	57	40	90	33	80	87	72	2	92	9	56	44	6	63	60	69	84	3	8	52	74	24	31	94	20	71	48	73	51	70	96	27	12	98	10	76	38	86	55	82	23	21	7	1	47	77	79	64	22	25	49	30	45	11	29	36	46
11	68	81	30	46	13	33	66	75	38	20	26	24	99	96	63	70	53	17	47	4	62	8	44	90	85	79	58	65	89	51	23	78	72	14	18	54	93	95	56	37	50	76	100	48	19	83	80	31	1	36	29	16	98	52	57	91	32	28	10	97	27	45	92	6	94	87	86	67	12	82	5	61	7	88	60	73	71	22	34	74	21	40	35	69	15	64	39	55	49	41	25	3	43	77	42	59	84	9	2
42	36	8	81	18	67	1	88	94	46	64	84	44	21	45	78	77	91	54	80	73	40	34	72	95	10	70	7	11	61	38	33	75	6	13	71	23	76	83	58	20	59	25	29	63	87	14	15	16	35	98	74	92	32	68	62	26	99	4	65	66	90	96	52	69	60	24	30	31	79	86	41	27	57	43	2	85	49	82	55	56	47	17	93	19	100	89	3	5	50	9	22	53	39	48	12	37	97	51	28
27	26	67	60	11	33	80	81	22	45	91	79	87	12	40	64	35	88	21	30	41	19	15	37	99	63	93	31	8	1	62	10	17	20	36	29	23	90	43	92	65	50	6	52	34	38	73	97	89	42	82	56	48	55	83	69	75	13	95	59	85	47	66	76	2	54	57	84	28	58	70	4	100	16	5	61	96	49	24	39	44	3	46	18	51	7	94	25	86	71	74	53	77	72	68	32	78	14	9	98
26	13	67	80	99	95	79	32	60	75	66	16	82	35	25	87	41	78	77	90	65	40	55	5	6	33	62	2	73	42	44	11	29	24	96	36	4	89	46	92	57	7	43	100	17	22	30	72	70	28	63	54	69	64	20	84	21	38	12	94	51	88	59	71	74	27	98	53	14	8	31	9	76	81	3	56	49	86	50	39	15	45	18	83	37	68	93	91	1	52	85	48	23	34	97	61	19	58	10	47
75	44	5	49	23	15	52	55	82	77	48	59	10	66	71	47	67	12	33	96	80	43	81	39	65	19	95	74	86	24	92	26	4	60	85	76	13	51	14	79	73	69	41	91	90	89	58	8	40	99	100	17	21	32	68	16	63	84	18	30	70	22	83	35	38	57	72	98	87	64	25	61	28	27	2	93	56	20	7	11	34	6	3	45	54	50	36	46	97	9	53	31	94	1	78	42	29	88	37	62
94	84	18	39	36	45	92	44	17	83	53	93	82	63	11	70	28	57	51	81	13	30	9	75	87	42	88	31	59	61	66	2	68	100	4	24	16	72	65	14	96	90	98	8	49	85	74	58	27	38	3	56	23	20	71	43	34	48	73	52	12	26	35	33	97	41	86	21	89	15	32	47	91	76	46	79	7	10	60	37	80	67	40	78	77	64	1	19	6	95	54	5	99	50	69	25	55	29	22	62
28	33	16	59	94	70	27	57	93	68	56	11	67	38	58	7	78	79	84	50	19	95	25	65	5	98	92	14	9	83	54	21	73	60	48	40	71	90	12	4	44	37	85	1	22	63	13	3	35	43	89	86	97	32	74	77	91	69	81	31	8	64	88	30	18	17	51	36	75	29	34	100	15	23	20	26	80	96	82	46	49	10	53	55	41	72	66	6	42	24	62	76	87	47	52	39	45	2	99	61
99	100	32	10	6	34	36	81	21	16	85	22	78	23	13	92	31	41	47	3	57	54	51	77	62	75	86	76	59	71	20	66	2	44	82	91	46	95	56	97	9	80	90	94	73	18	28	38	29	68	60	12	49	19	40	17	88	93	24	52	65	87	61	58	4	14	50	1	79	89	35	7	39	83	26	30	27	48	70	96	8	98	33	72	37	11	69	84	25	5	53	64	15	63	74	42	55	67	43	45
18	44	39	34	1	47	98	85	99	63	40	90	3	48	27	93	5	86	17	79	61	92	14	29	74	6	95	16	19	45	35	97	67	24	4	54	41	71	7	76	81	11	52	100	49	42	53	10	22	62	91	9	64	25	57	70	68	82	88	23	89	20	66	8	60	83	55	51	96	84	12	2	80	21	13	50	15	78	33	72	28	32	77	31	26	43	37	58	38	30	73	36	94	65	59	75	56	69	87	46
16	77	4	30	89	70	32	95	23	83	36	80	7	91	26	38	97	85	61	10	27	48	60	28	73	69	46	39	35	17	92	58	76	25	90	84	62	45	19	63	99	59	74	33	52	2	20	18	94	96	65	72	86	54	55	93	42	98	40	8	88	1	21	41	51	67	79	100	68	64	29	6	9	50	22	12	34	15	57	43	13	37	44	3	49	24	87	5	14	71	53	31	66	11	75	82	81	78	56	47
74	88	84	79	97	46	51	96	6	41	3	53	71	47	78	39	25	17	16	57	67	43	89	77	52	83	98	38	87	40	81	29	49	36	55	86	76	18	35	60	73	99	26	92	94	24	13	80	93	85	11	56	58	2	12	9	33	62	4	100	5	54	69	72	66	50	23	31	61	65	82	30	59	14	42	91	48	70	64	75	95	90	21	8	7	28	45	22	27	32	44	20	19	15	34	37	10	1	63	68
32	4	69	42	96	92	1	17	23	51	34	37	28	71	61	70	43	75	26	67	89	49	77	85	73	16	20	29	48	59	99	46	36	97	83	6	35	53	65	80	19	95	18	94	100	47	21	98	91	12	10	81	40	58	78	2	3	25	93	45	88	72	27	38	39	33	86	5	55	84	24	11	9	31	76	68	79	90	62	64	56	63	74	54	57	30	44	60	41	66	87	52	15	82	8	13	7	50	22	14
73	67	56	20	15	17	100	59	37	85	21	33	78	57	30	77	82	92	76	5	61	38	96	89	58	11	84	74	14	29	62	22	36	4	90	86	39	1	9	95	49	75	72	88	68	34	12	47	3	65	19	23	52	66	44	83	18	43	45	70	55	32	13	27	10	94	80	64	42	40	31	97	7	53	16	91	69	81	50	60	79	6	87	25	48	8	51	93	35	26	99	63	28	2	98	41	71	54	24	46
41	32	67	18	5	87	33	72	11	61	38	65	76	59	93	62	39	36	28	48	30	51	21	91	8	35	31	66	19	77	88	73	14	17	53	15	96	64	46	69	85	27	23	12	6	55	95	42	82	83	26	56	9	99	75	89	94	49	84	57	43	60	98	10	4	29	37	90	50	63	2	22	45	58	71	78	3	1	68	100	92	34	74	86	54	13	20	52	47	16	70	81	40	24	80	44	79	25	97	7
86	16	47	100	51	35	7	9	56	61	27	64	57	15	63	60	97	87	83	10	17	11	23	94	91	41	34	36	26	82	31	19	49	95	70	22	4	84	44	62	13	50	69	14	29	65	3	68	54	72	88	12	93	43	28	48	2	20	67	79	98	32	78	58	71	55	80	1	75	52	18	33	8	21	53	38	66	40	92	42	59	6	85	30	96	46	76	89	39	5	25	37	90	24	77	99	81	74	45	73
82	89	21	55	49	26	76	83	60	80	86	88	14	44	35	43	8	62	45	65	92	17	40	12	47	91	2	27	23	1	9	54	78	97	41	81	22	31	16	15	50	24	42	13	6	93	70	63	7	85	87	73	10	38	46	64	84	69	25	59	98	66	33	37	74	72	100	19	20	39	32	4	3	75	18	28	53	96	36	99	29	67	56	68	95	5	57	58	79	52	48	94	77	11	90	30	34	51	71	61
88	24	21	44	55	68	74	13	15	32	93	97	46	78	12	99	63	51	98	38	84	79	100	37	14	52	33	76	69	18	80	30	83	3	23	39	31	27	89	85	49	5	34	65	94	73	17	56	58	72	71	43	90	96	45	28	9	86	36	92	77	64	35	19	1	42	26	2	6	7	47	40	11	70	41	20	75	50	66	59	22	48	87	16	25	4	81	60	54	91	67	95	61	62	8	57	29	10	53	82
33	36	89	39	82	9	17	68	65	66	16	79	26	15	67	24	80	84	20	95	42	94	22	25	57	87	62	21	30	11	14	88	52	75	48	77	74	50	54	43	10	73	56	71	23	86	49	3	99	98	93	72	27	40	4	91	32	51	100	76	18	19	59	41	55	78	8	60	58	2	69	85	12	63	96	38	6	53	81	45	83	70	92	13	1	64	97	35	28	34	47	37	31	5	44	90	29	46	61	7
55	98	61	81	63	100	57	74	39	35	66	80	54	14	18	19	52	16	1	49	95	8	83	50	43	31	48	13	75	20	77	84	22	78	17	26	4	28	88	79	15	3	51	76	93	92	47	21	94	7	37	67	41	42	29	86	23	6	11	44	65	24	87	89	27	69	59	62	5	30	36	96	99	70	71	90	97	68	60	58	10	56	91	82	40	73	38	32	12	33	85	2	45	9	53	25	64	34	46	72
29	88	79	98	67	77	23	25	97	74	26	5	84	9	78	16	12	68	66	94	20	89	61	34	22	3	69	93	33	54	65	57	31	7	35	46	42	96	41	8	50	73	83	49	17	71	15	36	28	6	1	58	10	59	53	13	45	27	44	11	92	70	52	63	19	21	82	43	72	99	55	86	39	64	85	14	62	90	2	40	47	76	100	48	91	60	32	87	4	38	24	37	51	18	95	81	75	80	30	56
15	46	59	91	32	55	70	26	28	9	73	62	98	63	5	82	76	42	88	72	52	17	80	66	44	57	86	77	3	25	87	39	37	84	60	49	50	4	94	38	19	45	14	53	75	99	93	71	90	22	96	12	51	48	47	27	30	24	35	34	67	33	74	79	6	21	20	81	29	7	1	31	95	8	2	36	100	65	89	13	16	11	40	58	78	10	64	56	43	23	61	68	18	83	69	85	54	97	41	92
58	97	23	64	60	63	82	3	28	62	43	54	45	73	41	7	19	96	71	34	14	40	26	66	6	93	69	86	44	99	85	78	32	90	79	18	24	48	72	74	11	49	8	53	89	59	1	30	51	91	15	52	38	37	31	94	98	80	16	46	75	42	2	83	21	88	36	29	20	5	61	87	68	10	67	55	13	25	77	9	56	65	84	92	27	22	47	70	4	100	95	17	76	50	33	35	81	12	39	57
6	57	39	41	11	80	90	63	8	50	20	21	82	91	100	87	38	71	59	79	78	74	48	29	93	96	98	83	43	76	99	13	2	77	64	42	32	3	47	26	73	30	5	56	92	95	45	68	12	49	67	14	35	88	34	58	17	54	89	7	31	94	16	62	55	40	25	46	1	52	37	28	75	23	33	97	15	60	65	36	24	69	84	9	61	85	81	4	10	18	51	86	22	66	70	72	19	53	44	27
18	34	79	83	21	11	82	13	22	86	71	85	100	23	3	98	40	2	17	60	67	65	57	84	69	37	6	28	41	1	61	35	32	29	27	74	12	81	99	96	50	5	94	80	10	76	72	75	93	15	77	70	58	68	19	44	88	20	87	8	7	97	25	89	16	42	48	64	51	78	52	31	53	36	91	55	46	24	14	63	39	4	26	66	73	62	95	45	43	33	38	47	90	54	9	56	49	59	92	30
23	74	16	65	37	22	60	26	10	54	93	12	3	6	94	66	63	50	97	79	18	80	44	41	90	14	70	96	29	27	34	59	46	69	75	83	40	73	9	1	30	67	77	32	64	95	25	57	56	13	45	61	24	49	98	47	42	99	81	7	2	8	52	43	91	19	55	51	89	39	4	87	53	11	82	33	62	58	38	5	72	21	100	31	85	17	48	92	78	68	28	71	86	15	88	35	84	20	76	36
52	76	44	92	29	70	81	71	15	90	25	62	8	21	9	27	54	53	85	10	32	39	24	63	61	26	80	18	72	41	22	97	68	58	95	46	19	37	93	40	65	91	30	83	6	23	99	36	96	4	59	74	87	84	3	48	49	38	89	16	66	78	73	51	34	11	57	45	35	69	47	28	60	2	14	43	7	82	56	5	86	31	88	1	79	12	64	100	33	77	55	20	67	75	17	42	13	50	98	94
91	67	74	63	50	88	14	73	2	23	75	68	60	46	78	36	55	89	18	47	59	44	31	97	38	19	17	85	69	1	30	70	79	84	32	83	87	48	11	99	12	21	41	96	16	92	34	42	82	28	8	54	24	57	98	49	65	6	53	10	37	71	29	26	20	56	72	94	95	52	93	27	61	33	3	5	66	86	9	13	58	51	22	45	80	25	15	43	62	76	39	100	35	77	81	90	4	64	40	7
65	44	95	69	55	16	71	48	57	18	85	56	22	41	17	28	77	91	83	70	14	46	4	54	15	29	96	8	49	31	37	92	6	61	87	51	89	59	25	90	21	62	13	86	98	84	10	88	7	47	72	32	19	35	73	75	26	20	66	76	5	80	38	33	81	39	23	3	11	67	53	30	58	97	1	45	63	43	64	40	24	42	9	82	93	12	50	100	78	79	27	2	52	36	68	94	60	34	99	74
89	27	12	58	36	15	63	13	66	98	29	7	52	80	60	48	10	9	1	42	59	69	83	31	67	79	41	18	43	11	85	8	30	88	25	91	72	20	92	87	100	16	14	23	44	5	73	6	24	2	96	99	61	32	37	84	55	51	28	71	33	78	93	21	35	26	97	75	68	81	3	94	49	54	40	76	34	53	62	39	17	4	22	82	47	90	77	38	57	65	74	45	95	19	70	86	56	46	64	50
15	89	47	42	25	66	33	27	37	100	1	90	22	26	3	71	94	56	4	74	88	72	96	93	81	65	59	24	38	32	63	85	8	2	76	87	7	95	18	99	49	16	46	53	67	79	61	23	57	62	50	84	52	31	86	5	10	21	44	29	30	17	40	11	60	35	77	80	91	97	75	41	98	54	58	83	45	73	43	39	82	92	55	48	12	64	70	34	13	51	9	69	28	14	6	36	19	20	68	78
7	19	23	28	60	26	97	49	37	80	81	96	63	36	2	62	25	89	56	11	93	20	8	74	4	79	78	17	52	10	61	31	100	41	85	94	55	12	39	99	87	21	3	9	76	83	40	16	13	66	33	77	82	69	88	65	71	30	72	48	84	67	68	22	50	57	1	58	95	64	91	29	35	59	6	44	24	70	53	18	38	98	51	47	5	34	15	45	92	75	73	42	27	54	86	14	43	90	32	46
