100	100
23	26	32	11	14	38	14	18	20	30	32	29	15	34	17	35	35	23	37	12	17	18	34	25	35	28	16	36	24	19	20	31	30	27	30	16	26	26	11	29	14	35	28	30	40	30	30	25	18	11	12	20	36	11	21	31	34	14	22	29	34	39	13	11	11	15	32	16	17	19	31	28	26	15	20	21	37	35	12	12	18	20	36	14	17	34	22	25	29	38	11	25	14	32	23	36	21	31	22	15
17	15	26	31	14	23	15	31	19	25	26	31	14	37	34	26	24	32	32	27	28	16	20	14	11	16	11	28	29	15	13	27	40	14	13	21	24	27	18	32	20	11	21	29	22	37	34	38	13	36	13	14	38	14	29	25	14	31	28	29	38	25	20	37	12	15	21	33	22	19	22	13	30	27	11	33	11	17	30	25	21	30	35	39	19	24	35	40	13	14	13	22	24	27	19	19	30	19	37	13
35	31	14	23	40	25	11	15	14	24	22	39	33	24	36	24	22	35	27	35	40	32	25	36	27	39	36	33	32	40	30	12	19	11	15	38	38	36	17	32	24	18	35	35	26	20	29	19	33	26	22	17	26	40	36	12	33	23	35	40	35	14	29	26	14	21	23	17	14	33	40	16	34	22	11	22	19	31	21	33	22	16	40	39	26	19	13	38	30	36	34	32	30	25	31	32	40	14	14	18
20	20	20	34	14	25	37	29	23	14	20	21	38	24	18	18	40	32	12	23	13	13	35	12	16	19	15	11	22	13	16	32	27	19	40	12	28	27	14	35	38	19	31	15	27	36	14	18	39	14	29	40	28	12	29	28	40	31	40	13	16	16	23	23	32	40	13	26	38	32	18	18	22	33	28	17	18	29	39	22	30	28	20	40	25	32	20	36	29	11	38	20	39	22	28	20	37	11	33	27
21	15	35	31	14	30	19	35	38	40	38	25	34	11	30	19	18	34	24	37	28	35	31	34	11	22	39	15	36	11	21	25	33	39	31	29	15	33	14	37	30	18	19	40	24	16	11	19	26	26	32	22	15	18	39	24	37	21	31	25	28	38	30	14	20	29	32	13	30	32	37	22	34	39	39	29	24	34	12	17	21	32	27	38	27	37	39	14	37	28	21	20	23	24	36	17	17	18	19	24
35	18	27	35	33	35	26	36	19	14	17	28	18	31	36	13	39	27	35	29	24	34	35	15	15	23	28	34	33	36	31	12	16	36	34	38	40	12	30	32	34	30	33	33	18	20	28	20	33	11	30	35	15	28	31	32	27	14	21	12	31	15	15	27	27	26	21	24	19	38	22	31	17	20	39	38	26	14	30	23	29	28	21	13	12	22	14	23	15	37	12	28	11	18	35	37	15	14	16	17
14	13	36	19	39	12	39	15	37	11	35	24	30	20	32	16	12	18	40	19	33	31	18	14	32	38	23	14	17	31	18	30	11	16	38	22	20	30	18	32	16	39	19	22	25	11	19	30	17	36	21	30	13	38	34	11	30	37	25	11	30	17	12	23	38	36	29	24	20	15	36	40	38	28	14	13	31	24	36	26	34	15	20	15	28	29	24	24	34	13	14	20	37	34	37	33	33	23	26	13
37	30	17	25	27	40	39	26	37	19	11	21	22	24	18	17	24	32	26	20	17	32	22	29	18	39	12	20	13	29	39	25	16	38	33	15	40	29	39	25	40	29	12	23	11	20	27	13	19	30	40	21	27	37	38	35	35	12	11	16	35	13	26	14	39	25	16	22	30	35	17	31	17	39	30	17	13	39	39	17	16	38	16	24	20	15	33	24	32	38	28	14	24	30	37	19	36	32	24	16
33	27	36	25	34	16	12	16	17	23	37	21	38	33	25	19	18	24	16	26	38	21	14	21	29	36	38	36	14	40	25	29	16	37	15	28	16	35	14	16	19	15	37	28	34	35	12	29	12	25	28	18	32	22	25	27	31	12	28	40	23	33	25	33	11	13	30	34	39	36	25	29	22	31	20	25	11	23	33	20	29	15	18	14	27	23	16	31	24	27	24	29	30	28	18	37	28	25	40	14
21	31	21	12	34	31	27	21	29	39	37	34	31	27	13	17	20	13	31	23	20	36	39	32	15	37	15	20	21	23	19	12	16	18	11	37	12	37	14	36	29	35	29	31	39	19	29	36	35	18	21	38	39	35	29	14	23	30	24	33	11	21	14	17	38	14	36	17	30	13	29	29	17	31	22	33	11	15	24	20	13	12	23	26	33	12	34	23	16	17	12	21	17	40	17	17	17	22	29	32
29	29	30	13	23	40	20	30	19	16	31	32	22	12	22	26	23	26	23	32	35	29	36	24	39	23	20	32	17	15	27	19	37	16	26	16	16	38	28	11	27	27	11	21	23	40	11	40	37	18	33	30	16	15	30	15	16	39	23	37	28	30	23	17	18	31	27	40	11	34	26	21	39	14	40	14	27	27	20	31	31	16	35	35	27	28	32	36	20	23	26	17	25	12	15	27	15	18	34	38
25	18	40	33	13	33	27	38	26	26	29	22	34	25	18	37	13	33	28	14	18	24	38	27	16	15	32	24	16	30	22	19	11	28	16	39	15	12	40	40	16	27	17	35	19	33	30	15	31	21	21	38	14	33	39	16	37	40	20	19	39	28	30	19	38	21	40	12	25	16	35	27	14	18	40	39	12	34	19	11	34	16	26	37	36	36	17	35	34	26	16	20	28	27	27	22	25	16	33	30
26	33	24	22	22	12	18	34	37	27	18	26	33	11	15	29	34	32	13	19	21	16	17	17	15	12	32	38	15	16	16	17	14	35	28	26	31	29	20	34	15	28	35	13	30	14	24	22	24	15	28	37	17	26	13	32	31	21	37	36	28	16	36	31	32	34	15	15	26	13	22	13	12	25	30	27	22	12	36	12	24	17	36	35	24	17	30	27	34	37	14	37	25	37	40	13	16	36	18	26
25	14	31	18	33	18	30	17	36	30	40	34	28	22	14	24	37	34	35	38	39	35	15	32	30	33	36	40	17	22	25	29	36	23	14	16	18	40	25	22	20	22	27	39	38	18	38	12	29	32	39	11	32	35	20	19	29	22	39	32	30	28	34	26	14	21	35	32	39	37	32	25	26	12	23	22	36	18	22	37	24	13	12	27	12	27	12	12	23	17	19	19	24	21	30	29	11	34	15	33
11	16	26	30	26	30	36	23	24	21	31	20	27	17	32	14	27	11	12	29	11	22	38	29	29	36	33	26	26	39	18	38	35	36	37	35	23	24	29	25	25	31	18	34	23	22	32	38	23	26	40	34	22	24	40	25	29	15	39	12	28	28	34	36	27	20	37	27	13	26	28	31	17	11	17	23	33	26	21	13	19	17	33	32	13	32	11	21	23	14	20	36	18	38	38	27	21	15	28	14
16	34	40	17	38	22	13	40	39	18	30	31	20	34	11	27	28	19	30	32	37	26	27	28	21	28	14	18	20	40	14	18	27	13	15	40	37	15	17	11	28	34	33	32	16	34	38	30	25	38	33	19	35	40	39	13	37	28	39	26	27	19	38	34	23	18	23	11	31	22	22	40	19	11	31	24	39	24	16	26	40	18	29	15	25	23	36	34	16	27	15	20	15	27	29	16	32	25	14	27
11	28	36	20	29	12	27	28	23	17	39	30	15	14	17	15	29	30	17	23	14	25	40	30	39	35	28	14	40	38	14	12	32	30	33	38	15	35	32	18	21	21	40	28	40	40	37	35	29	27	11	15	13	38	24	12	38	13	13	30	31	37	23	18	32	24	28	37	30	23	28	11	12	15	21	21	11	39	37	13	39	12	24	30	26	28	15	18	32	17	20	26	29	40	32	39	21	29	13	40
28	14	35	30	27	34	23	14	24	35	13	31	14	28	23	17	21	21	16	21	19	26	38	15	30	33	16	14	18	35	35	26	26	21	30	24	18	35	16	18	29	18	39	35	11	23	18	31	19	26	31	15	21	27	31	37	19	27	25	11	31	34	26	23	30	34	34	13	38	24	13	28	34	38	24	27	34	16	36	18	12	28	13	39	31	12	15	32	19	39	29	12	33	14	27	14	36	16	12	14
18	12	12	18	36	15	24	23	29	38	11	22	30	13	24	15	27	27	21	36	22	14	19	30	25	11	31	31	11	13	22	16	32	35	13	40	40	18	23	22	30	39	33	12	27	29	29	25	32	26	26	16	12	21	13	38	19	34	30	26	18	23	40	14	12	27	28	27	35	35	37	16	30	37	40	21	30	28	24	11	33	12	17	20	16	23	40	21	34	27	38	28	15	39	36	25	24	40	32	28
40	17	39	21	16	15	15	31	34	29	29	33	32	21	22	38	38	25	30	27	35	40	35	12	19	18	16	26	34	20	31	11	34	25	13	40	30	36	32	15	11	38	37	31	16	37	35	28	15	35	11	28	28	19	20	15	20	23	27	14	11	25	40	34	11	35	39	22	12	29	25	23	19	16	35	13	28	26	14	32	27	29	40	16	35	33	29	18	34	28	37	35	15	24	36	37	39	30	26	30
25	29	36	11	38	15	17	31	23	14	29	24	30	28	12	29	23	26	38	18	13	18	24	27	12	35	27	24	38	16	29	35	27	23	15	27	30	25	19	25	28	21	38	25	17	24	15	33	26	40	25	21	36	22	38	33	25	22	31	34	40	13	36	40	35	11	35	25	17	29	33	25	38	36	24	23	16	30	34	39	38	35	30	19	19	36	36	26	40	39	31	21	21	31	28	11	18	17	13	12
27	33	24	37	28	33	18	39	12	32	13	11	29	17	17	14	32	15	34	30	37	29	17	36	25	26	28	38	32	12	20	30	28	22	11	34	14	36	40	33	15	31	30	26	16	31	40	15	20	27	27	36	16	11	33	14	19	39	20	21	17	39	23	22	13	38	28	18	18	17	34	37	16	20	35	23	19	12	38	25	24	26	15	33	31	13	18	24	19	16	18	26	26	20	36	33	36	36	30	40
20	22	40	14	37	18	29	19	12	14	29	28	25	34	21	21	35	22	38	24	25	34	16	34	21	18	28	16	17	22	32	35	22	35	28	32	29	36	40	16	28	19	28	21	18	22	35	32	25	11	12	36	32	12	15	37	36	23	19	29	23	35	30	14	21	18	31	39	25	19	25	14	14	28	34	40	32	32	23	24	18	37	26	25	18	30	21	24	29	12	22	29	25	38	36	16	35	35	19	29
13	37	22	23	22	19	15	28	23	28	21	27	21	22	40	13	21	23	28	18	27	21	13	36	26	22	25	30	31	20	37	38	14	27	11	24	17	15	14	30	28	27	18	35	22	33	39	38	13	19	19	36	17	31	12	35	32	15	30	22	16	18	33	39	21	38	33	20	30	30	29	34	30	36	36	16	36	24	26	35	30	38	23	37	35	32	22	36	11	25	18	11	40	12	33	26	39	24	33	22
37	26	15	21	32	18	21	22	33	11	28	37	23	38	22	33	40	26	33	31	13	13	21	15	37	15	30	23	28	27	26	17	17	27	20	39	24	35	20	32	13	20	25	35	15	39	31	11	21	39	24	22	13	16	18	34	28	14	26	13	27	30	29	29	40	21	29	39	14	32	37	28	18	21	25	16	39	22	30	21	21	20	38	14	22	11	17	30	33	38	36	32	12	40	23	20	30	22	14	20
37	34	40	19	31	34	37	19	20	24	39	26	26	15	12	16	21	11	30	17	40	14	40	27	14	37	40	17	20	16	22	28	34	40	22	14	31	38	34	39	25	25	27	14	32	17	22	38	17	34	31	38	34	13	11	12	33	32	36	15	24	19	18	35	33	28	31	37	19	16	12	33	37	29	21	40	22	18	37	21	32	18	36	23	33	33	30	36	24	36	21	14	31	31	28	30	36	16	12	39
23	36	18	39	16	31	37	13	27	24	19	18	12	12	12	20	34	15	35	17	12	29	39	35	40	31	38	34	36	21	40	26	35	39	35	14	29	32	17	31	32	34	38	37	36	11	25	14	32	16	18	35	27	22	22	23	13	33	16	28	37	40	25	16	25	28	20	25	23	13	14	11	40	23	23	23	30	40	11	28	40	38	13	29	30	15	38	32	35	16	28	17	26	12	26	20	33	24	28	23
32	33	24	29	26	13	22	20	29	19	33	30	26	15	21	28	17	33	23	19	19	19	23	16	29	13	16	40	36	16	15	21	40	38	28	37	22	28	19	35	14	27	22	36	29	26	36	14	33	15	39	18	32	40	32	14	35	22	34	26	24	37	26	12	22	34	16	37	15	38	11	16	22	40	39	24	40	37	38	18	38	40	19	22	12	25	17	22	21	33	36	11	29	19	17	33	38	22	14	31
15	15	28	31	40	40	38	26	30	19	37	37	20	29	28	18	35	30	14	20	39	26	27	34	18	32	14	38	18	19	16	16	12	34	39	25	17	28	19	37	12	13	27	40	13	22	21	31	15	25	35	31	18	40	16	25	29	25	26	30	11	34	36	38	17	20	35	12	22	34	39	17	19	39	15	23	14	16	37	23	29	11	12	31	24	37	27	22	32	25	24	19	14	20	28	16	37	38	22	24
20	24	24	27	35	37	28	33	36	39	24	18	37	28	15	22	26	40	39	36	19	37	38	17	18	32	34	35	37	38	22	16	40	28	31	40	34	35	40	34	39	34	36	20	11	17	30	18	29	17	14	39	16	35	20	16	38	27	37	40	17	36	22	28	31	37	18	32	29	21	17	15	38	18	26	24	14	17	38	22	18	22	27	33	15	29	22	30	13	37	27	39	20	16	19	28	27	23	39	36
38	16	38	38	36	38	37	29	23	12	38	21	14	40	27	38	39	17	11	18	36	14	38	35	31	15	23	32	28	33	19	26	17	21	12	15	15	38	24	24	20	19	17	23	13	14	19	27	16	19	34	40	32	33	16	34	38	37	15	22	38	13	17	17	35	23	28	27	16	11	21	28	23	15	39	21	40	12	20	27	24	30	20	23	23	30	22	27	35	29	16	25	15	29	15	29	26	11	28	16
22	23	16	19	25	27	27	21	16	34	26	14	17	27	29	27	21	26	32	12	34	21	23	30	13	30	29	30	18	18	40	12	23	31	23	33	37	18	23	27	27	17	15	24	31	37	23	38	32	12	37	29	17	35	13	37	25	36	24	38	36	16	24	32	22	35	16	36	28	36	23	31	17	26	40	20	21	19	37	27	16	17	27	39	17	27	17	34	12	26	12	40	32	25	11	33	15	37	31	31
18	13	28	25	40	38	15	20	19	31	31	34	27	18	38	22	21	24	35	26	36	20	38	37	16	13	17	20	24	16	17	37	32	14	22	21	22	40	25	30	37	22	27	14	31	28	27	21	36	39	20	14	36	37	30	26	38	15	17	32	18	28	32	34	23	17	22	22	33	39	25	22	17	24	24	28	19	40	15	29	27	13	38	19	22	26	30	34	26	24	39	25	25	29	25	24	12	15	31	21
31	29	15	19	34	37	20	25	24	23	40	25	19	24	20	25	39	23	16	40	24	22	23	20	28	35	38	19	26	33	11	23	27	29	30	23	29	28	22	26	36	32	33	28	39	37	38	23	19	38	39	18	22	18	14	31	20	33	20	33	31	22	28	29	27	11	37	18	33	29	37	22	36	37	23	24	19	19	29	28	21	23	13	22	34	17	25	25	33	29	22	12	25	16	17	36	26	23	20	14
20	38	31	38	13	12	17	25	27	29	24	33	25	14	34	16	40	24	21	37	29	33	17	21	22	12	20	37	27	26	28	30	30	12	38	30	15	14	20	20	24	32	17	35	21	36	22	16	16	19	31	26	25	32	11	14	12	25	17	35	33	14	15	16	19	38	29	20	14	13	20	24	28	28	21	19	24	21	17	21	14	38	39	26	29	13	15	21	18	29	23	31	31	36	22	23	28	16	30	18
15	40	21	29	38	11	22	20	29	40	24	29	23	20	33	19	36	12	28	28	26	27	28	18	27	33	38	16	20	25	23	35	40	32	33	35	25	24	12	15	16	40	23	20	23	11	16	33	20	12	28	30	12	21	17	37	27	18	38	17	22	31	20	29	30	21	17	17	13	28	21	18	19	19	38	38	15	13	38	36	38	35	37	27	22	14	11	16	34	18	23	31	22	23	35	29	38	26	36	32
23	23	26	28	18	26	40	34	12	16	11	34	24	19	31	32	29	27	24	19	17	38	16	14	19	37	23	36	24	27	37	34	29	21	19	34	33	27	32	40	29	21	26	17	40	35	15	26	11	14	37	31	26	26	12	35	29	19	20	19	18	39	26	20	30	33	14	34	25	34	13	34	22	35	31	14	37	25	11	13	21	39	16	15	29	34	21	14	18	14	12	40	31	16	14	25	13	38	28	38
25	21	38	30	15	15	17	20	20	14	18	23	15	38	24	23	11	21	40	25	11	11	11	31	22	40	16	16	36	29	21	27	34	28	22	20	20	37	23	11	18	39	33	24	34	37	36	27	38	22	36	31	26	23	35	16	13	23	38	22	26	38	32	15	28	23	23	27	13	16	31	39	13	34	30	32	26	37	17	15	20	35	26	11	21	37	38	27	13	33	40	39	39	28	25	16	36	16	13	14
22	30	24	14	35	16	40	38	36	32	12	40	19	37	39	18	18	12	20	26	24	11	36	15	33	11	22	30	14	15	37	26	28	39	21	27	31	17	35	13	39	28	29	12	11	12	17	15	15	38	26	32	36	30	17	21	27	13	25	40	25	25	11	18	34	40	12	15	36	19	26	38	11	14	37	26	31	21	33	12	40	14	14	13	31	15	21	25	31	20	16	35	30	33	16	14	30	34	27	36
18	21	23	15	27	38	23	26	21	39	22	32	25	21	30	22	17	18	11	30	13	11	34	11	18	29	11	13	17	23	11	39	19	14	24	37	14	17	17	17	31	37	13	32	26	31	37	25	29	27	36	22	12	21	16	40	26	36	24	32	35	15	39	36	11	40	24	23	17	28	28	14	11	30	28	14	24	22	28	15	34	26	21	17	31	32	17	27	15	40	36	14	18	11	11	19	14	17	16	39
18	30	24	29	35	28	14	19	26	22	40	14	23	22	32	28	29	21	22	26	38	17	14	29	40	32	14	32	39	38	12	36	21	12	37	32	36	21	35	20	24	30	13	29	31	18	19	35	32	16	25	30	37	34	17	11	19	39	32	38	26	16	14	25	19	20	39	36	34	15	18	12	30	40	24	16	37	38	19	20	32	35	18	14	26	16	20	39	33	37	32	22	14	29	14	25	20	28	26	38
33	26	20	30	18	18	16	22	23	25	25	13	12	21	34	16	39	25	11	30	18	26	26	12	11	19	28	34	24	34	25	33	11	16	32	33	38	16	24	14	24	14	39	19	14	39	38	38	20	22	14	22	22	30	33	21	21	15	40	39	23	13	16	26	23	28	26	35	20	35	32	19	14	39	25	27	17	30	12	26	22	18	19	14	34	22	33	18	20	33	36	24	17	18	19	40	16	17	14	18
29	22	34	35	29	40	30	28	35	22	12	27	25	21	21	27	26	32	12	21	32	11	30	35	26	27	19	20	31	40	33	22	36	11	38	28	18	13	17	14	24	31	31	22	22	16	27	27	24	19	38	17	23	33	21	15	19	20	26	39	11	18	16	17	30	40	37	26	36	23	11	31	29	28	39	37	18	12	23	27	29	18	19	37	19	40	27	25	33	25	32	31	18	15	27	17	21	31	17	15
27	13	26	35	38	26	25	26	18	26	35	25	21	33	15	31	20	19	31	22	39	32	40	14	31	23	37	39	38	13	39	13	40	34	24	39	36	32	29	26	38	12	15	15	28	35	36	22	23	13	32	35	29	20	15	22	20	17	28	37	29	26	23	17	29	27	39	22	11	17	36	17	40	13	30	23	29	11	20	33	28	21	15	15	29	16	25	21	29	40	30	13	14	19	37	29	15	18	21	40
14	26	25	24	14	37	14	17	13	16	35	34	38	14	14	18	38	29	13	27	18	21	24	38	27	36	16	31	19	33	31	22	12	17	39	16	19	21	18	40	15	29	26	39	38	13	20	40	11	28	39	31	36	15	30	11	32	38	37	35	35	39	24	34	29	16	12	32	13	12	40	24	13	25	21	20	33	38	18	23	40	15	17	39	28	32	34	16	31	24	24	19	29	20	33	12	19	37	18	23
20	28	28	28	36	34	36	19	36	30	21	37	24	39	32	12	24	12	11	22	34	17	13	25	37	17	15	28	27	23	31	26	31	18	27	27	34	36	11	39	17	20	26	15	17	39	21	34	26	17	17	33	27	18	16	29	13	24	31	25	40	11	31	34	30	23	23	35	33	33	23	16	39	13	40	33	17	32	39	27	13	40	12	33	24	25	28	31	13	22	24	28	32	13	24	12	16	26	29	17
39	17	37	29	27	15	16	18	14	33	32	32	36	37	13	39	26	11	16	12	14	37	11	18	28	20	14	23	33	16	33	20	33	12	40	22	16	21	15	18	33	30	29	30	17	32	34	24	22	34	17	33	32	22	19	32	14	34	40	13	18	13	36	25	16	27	29	19	28	35	29	39	25	35	17	24	35	39	14	23	38	17	26	15	11	22	17	17	30	31	35	17	27	11	14	38	16	26	40	18
38	27	36	36	38	22	19	11	12	36	31	25	27	13	31	19	29	29	22	34	17	30	21	13	17	32	31	37	14	38	14	36	39	18	15	15	32	20	15	12	28	21	34	36	27	11	24	32	39	34	27	16	40	13	11	20	18	40	32	27	25	30	16	37	23	26	30	29	21	13	27	35	22	14	20	36	20	33	21	31	20	30	15	25	26	12	11	26	26	24	20	28	21	21	28	18	13	18	27	23
23	21	12	19	11	22	37	22	21	30	32	26	12	37	39	29	39	22	38	28	31	18	20	35	15	37	31	22	33	32	25	40	12	25	11	26	12	11	40	30	16	16	33	20	26	29	37	20	32	18	32	20	19	12	24	32	19	36	24	28	31	11	38	29	27	36	40	18	37	25	36	30	19	18	40	34	24	19	12	36	35	20	27	39	22	18	18	17	32	35	16	22	38	15	11	20	28	19	27	14
34	14	18	16	37	14	19	37	14	12	14	22	14	25	38	23	11	18	29	11	33	33	26	34	18	38	12	13	24	35	32	28	34	14	12	17	35	13	34	19	36	17	20	35	40	16	27	27	36	15	25	17	11	38	25	20	15	26	29	39	26	13	15	18	28	22	20	26	39	33	31	33	21	35	33	36	29	34	39	15	11	28	17	15	22	11	27	13	37	21	18	17	33	39	18	40	34	11	20	22
23	31	28	15	20	26	16	20	27	17	15	15	38	28	22	18	40	22	24	22	21	11	12	23	26	13	21	21	23	21	21	39	19	25	18	26	24	37	20	19	23	27	27	22	39	11	23	40	13	33	39	35	23	30	24	18	30	14	32	32	40	31	19	21	20	13	25	40	22	40	19	32	34	32	31	15	26	18	35	35	32	33	17	30	22	17	11	38	16	33	20	32	31	22	22	14	11	40	32	28
16	26	38	12	12	19	22	18	36	22	30	16	29	33	26	39	30	24	19	40	15	35	27	35	21	31	27	32	32	13	31	24	35	35	22	31	24	26	12	35	35	19	38	40	14	30	23	29	23	21	20	39	32	25	34	24	16	24	19	18	20	25	27	29	18	14	21	39	32	28	16	12	28	13	31	14	12	22	36	12	13	35	28	18	19	29	20	33	32	26	39	12	20	17	23	26	39	36	38	29
32	33	38	24	12	25	32	19	15	25	33	32	24	39	33	25	11	29	16	33	29	20	12	31	19	19	30	18	37	40	29	36	28	21	22	12	12	17	40	30	40	17	16	15	13	34	19	19	27	18	19	35	34	31	37	33	20	17	35	25	30	18	35	31	29	14	11	31	35	11	38	23	37	15	29	33	13	29	29	39	25	18	22	21	36	37	17	20	33	11	13	28	21	31	17	14	19	38	38	23
18	32	36	11	22	13	40	12	27	22	16	25	22	36	34	21	30	15	31	18	40	12	34	34	35	36	16	33	28	27	27	11	29	14	12	17	31	11	19	35	17	22	15	32	16	18	34	36	30	21	16	16	15	39	21	36	23	27	36	16	24	22	33	21	18	11	35	27	38	34	35	39	35	36	31	25	11	40	25	14	33	26	19	14	15	31	25	39	15	38	28	38	30	35	35	14	29	12	23	31
18	33	23	35	26	11	12	24	12	14	18	35	15	17	38	37	13	24	17	26	36	27	27	29	20	36	11	26	32	27	21	40	15	18	34	28	19	17	24	16	28	16	15	13	33	39	37	28	38	12	38	18	24	36	16	15	37	28	26	32	18	19	29	31	36	18	40	13	19	29	28	19	18	12	14	37	32	26	35	28	30	36	12	21	29	18	22	16	37	19	16	30	13	32	15	35	12	11	35	24
26	35	15	11	15	39	29	34	31	15	16	40	25	33	26	30	23	40	18	11	36	31	31	37	16	21	35	22	32	39	17	12	31	24	26	26	22	32	14	40	20	33	35	34	15	39	37	34	35	28	31	16	32	40	25	30	19	14	16	14	31	17	12	36	20	23	34	33	16	13	36	38	25	30	16	37	35	39	39	14	26	12	36	33	21	18	19	28	36	18	30	40	18	20	31	12	28	35	39	21
23	26	13	11	35	32	16	30	11	28	34	25	31	37	15	15	23	23	15	26	16	33	35	24	31	31	37	39	18	25	34	31	16	18	15	26	20	16	36	12	31	11	12	30	20	13	27	34	40	37	29	36	37	21	27	28	19	39	28	37	40	28	16	20	17	23	17	26	35	12	25	16	20	16	17	22	36	27	30	40	37	34	29	36	27	20	21	20	20	18	37	34	33	21	22	18	38	11	40	33
40	11	13	33	26	19	26	35	33	30	25	13	14	12	21	15	11	35	29	17	34	23	40	26	37	34	35	40	27	29	24	12	33	14	37	17	18	36	31	27	35	13	39	21	30	13	35	11	17	24	17	36	38	26	16	24	40	20	34	30	33	35	24	32	24	13	35	20	12	37	24	31	11	36	39	25	15	18	27	20	23	28	15	27	27	36	27	14	19	33	13	11	36	17	32	39	33	38	36	28
15	15	13	36	22	21	13	22	23	31	20	37	14	30	17	38	21	27	19	36	16	26	37	16	29	11	15	11	16	29	24	30	13	26	36	19	20	11	17	11	20	28	14	16	28	39	29	24	22	11	32	17	23	20	28	23	29	17	26	33	39	18	11	16	15	18	24	22	15	17	17	39	19	17	27	13	27	11	35	39	15	11	28	27	19	32	29	35	27	32	21	11	19	38	16	17	37	21	38	37
24	36	31	31	24	13	15	27	25	35	12	18	22	24	15	12	23	27	36	16	12	38	19	12	33	11	11	13	21	38	27	34	13	18	16	24	31	11	18	36	35	12	14	13	39	13	32	34	28	16	14	36	32	38	17	40	30	33	34	32	23	33	39	21	25	23	36	20	16	18	32	30	21	40	37	37	30	25	31	27	12	30	25	20	23	39	14	14	19	37	35	30	19	24	24	40	36	23	31	25
27	24	37	17	22	39	19	17	30	25	25	39	40	19	22	13	35	26	35	35	39	13	16	21	17	16	35	16	25	35	13	22	27	29	23	37	38	11	40	13	36	11	35	36	27	15	15	14	16	38	29	21	31	27	24	26	16	20	32	39	38	34	38	38	24	34	40	12	22	38	13	35	24	18	35	12	14	29	25	19	34	12	21	38	26	26	20	24	17	37	11	39	35	31	17	25	17	12	37	37
25	37	30	11	39	38	25	18	28	18	12	16	16	38	17	24	34	23	20	40	40	24	34	35	20	15	16	35	22	33	39	35	16	19	19	31	32	13	25	12	37	24	12	18	23	20	25	40	23	34	27	33	14	13	37	39	12	28	22	27	34	20	34	36	40	27	14	20	33	26	31	35	12	38	37	31	32	15	23	23	37	13	37	37	33	25	30	36	29	13	14	11	38	27	25	33	31	14	39	11
22	27	35	39	19	20	13	25	38	31	21	15	20	24	37	22	40	19	16	19	13	23	33	17	38	27	37	37	28	32	30	14	15	39	21	28	29	15	35	26	28	24	30	27	34	19	24	22	40	13	28	17	35	40	40	13	22	37	25	19	28	18	20	22	37	31	36	15	21	13	31	18	30	31	18	11	15	31	38	35	21	34	19	23	32	37	17	38	13	22	23	26	19	19	35	24	11	11	26	28
23	27	32	35	22	26	39	30	11	25	39	15	39	29	28	36	19	36	15	21	12	33	12	25	29	14	27	31	16	37	14	26	24	19	18	22	19	36	37	19	37	29	16	30	34	39	17	30	16	22	26	23	32	15	14	29	28	23	36	33	37	23	11	11	17	14	20	19	30	38	14	40	21	34	36	31	38	23	19	17	33	18	29	32	26	15	22	37	22	37	23	39	11	16	36	17	24	33	38	38
35	40	37	16	29	23	25	39	14	34	20	30	16	37	12	12	11	31	36	40	26	38	21	23	24	38	37	14	30	31	21	30	20	16	24	39	19	28	37	24	36	14	11	33	25	31	25	34	17	26	16	33	11	18	18	40	28	11	37	40	26	22	22	29	22	17	33	18	31	14	30	16	28	11	22	12	29	32	39	37	25	31	36	29	20	17	15	22	28	11	22	34	38	35	29	19	32	30	13	29
39	17	35	25	22	12	31	24	24	12	21	30	34	40	24	30	25	11	22	18	14	25	11	19	14	22	34	31	12	17	25	39	15	21	14	39	26	33	17	22	31	13	34	14	28	21	11	17	12	40	32	25	31	33	38	14	28	18	25	34	35	22	24	11	11	29	33	28	36	20	16	23	28	34	14	38	36	14	13	31	16	31	17	19	11	40	23	36	17	18	20	37	17	40	16	15	40	18	30	26
33	14	18	35	40	31	19	29	33	33	32	25	18	35	13	39	13	27	24	39	35	38	24	12	37	37	24	36	40	21	37	34	32	38	24	34	39	32	17	29	38	40	37	34	18	24	31	14	21	14	16	16	33	12	29	11	23	24	13	32	29	27	14	23	19	39	37	39	14	20	23	28	22	26	11	24	39	33	31	39	17	15	12	14	20	33	37	25	29	35	35	25	39	29	20	30	13	21	28	37
40	12	32	33	28	34	36	25	36	33	26	29	29	22	33	35	16	22	17	40	20	39	22	26	23	23	24	16	29	20	19	32	19	19	11	11	23	31	31	36	38	32	29	26	34	33	23	28	34	20	24	13	11	20	17	34	38	14	30	17	12	12	16	12	12	14	33	16	37	29	12	14	24	13	26	22	12	20	39	20	22	36	27	39	36	20	39	11	32	15	22	14	35	36	23	13	11	39	15	35
21	14	40	40	22	20	34	16	40	12	40	14	21	27	31	12	14	24	15	19	35	36	36	16	21	11	14	32	19	24	11	21	16	32	19	24	38	13	11	34	36	23	18	27	26	30	38	28	11	35	11	22	21	17	29	12	30	31	16	28	33	21	23	20	28	14	19	13	21	17	11	15	15	23	11	30	14	33	18	40	33	34	28	37	33	35	22	13	32	23	27	13	38	23	32	36	36	20	14	11
40	24	16	29	14	21	30	23	38	20	27	17	37	23	26	17	28	17	16	33	23	13	38	11	28	35	21	40	39	11	15	19	29	24	39	18	19	27	33	21	26	31	27	32	34	12	13	27	37	22	35	26	26	36	16	33	33	30	13	40	23	23	37	39	31	25	12	22	25	25	35	22	17	13	20	32	21	38	28	17	36	17	22	40	27	40	24	25	30	36	18	36	27	17	19	26	13	21	20	21
19	40	21	21	28	38	14	15	15	40	28	28	32	38	36	26	33	19	12	37	26	20	22	27	26	39	27	27	13	19	12	38	27	25	19	12	25	33	24	11	23	19	35	11	39	39	39	39	35	36	30	30	11	21	22	34	15	29	28	40	17	37	36	29	30	31	26	36	20	18	13	39	11	28	17	23	35	25	25	18	20	39	18	24	12	14	39	13	18	13	40	35	18	33	14	32	11	37	15	32
22	26	20	17	40	16	12	39	33	37	40	16	27	37	23	37	25	35	19	30	40	34	38	22	25	32	13	40	36	37	32	27	22	15	36	33	29	17	12	15	40	18	30	38	18	27	32	40	13	35	36	23	16	23	24	27	17	26	11	28	30	15	24	33	40	11	34	24	15	14	39	14	30	13	28	23	14	39	19	12	26	20	19	35	31	33	21	23	23	14	33	23	36	32	37	19	20	11	34	38
17	31	38	19	15	32	32	17	23	18	14	35	21	38	36	28	28	35	28	25	20	23	23	15	19	20	14	12	17	31	24	36	23	36	16	11	18	37	17	17	18	29	28	22	28	16	36	29	28	20	23	28	15	11	14	36	33	23	32	26	16	31	18	25	40	16	28	29	29	28	12	21	28	20	37	15	19	36	29	16	18	12	28	39	26	18	27	28	17	19	17	37	34	34	13	16	38	15	13	24
28	36	17	21	30	24	26	31	32	26	33	14	26	18	19	39	15	28	39	23	25	20	15	34	14	39	29	25	18	31	15	19	27	18	24	34	22	19	32	38	26	40	11	11	20	38	40	39	35	22	34	39	35	13	31	33	11	18	35	32	31	30	36	26	16	35	30	34	21	24	23	38	33	38	14	36	12	40	32	13	17	35	28	24	20	20	36	16	25	40	26	18	37	38	39	33	15	14	35	18
37	37	20	38	20	31	34	18	31	22	17	39	24	13	18	36	37	38	14	23	11	34	16	34	11	14	21	40	28	27	19	29	38	31	26	40	21	30	16	24	36	14	15	14	14	18	33	21	31	39	19	19	28	28	39	16	40	38	27	36	31	33	14	29	14	27	32	38	11	26	13	22	29	35	35	11	24	39	19	34	12	38	40	26	17	17	23	29	29	28	30	40	36	16	38	25	32	13	12	17
29	38	20	16	28	39	15	30	30	12	32	15	30	36	40	30	18	35	15	30	40	40	26	13	36	36	23	31	40	36	40	16	14	31	31	20	28	30	28	35	40	22	40	13	22	35	37	22	12	37	39	33	36	38	28	12	12	31	36	31	38	18	11	23	28	18	23	34	17	13	38	20	29	37	23	29	18	28	40	37	25	17	34	17	13	39	28	24	35	30	27	19	20	18	36	29	30	39	12	36
37	30	32	31	22	14	13	40	33	11	36	35	25	11	19	37	15	40	30	33	35	31	29	31	16	18	13	30	12	36	38	24	33	21	28	17	32	40	11	18	34	16	21	20	12	11	14	36	40	19	23	14	13	38	28	12	19	17	12	22	40	27	39	39	24	24	25	39	27	14	35	24	17	29	35	12	39	19	25	29	20	38	18	35	23	20	27	12	28	12	29	35	26	25	18	17	40	28	19	26
12	18	31	19	19	31	11	34	20	13	11	33	39	21	19	32	34	36	24	14	16	38	37	23	11	14	40	22	11	19	31	25	35	14	11	20	17	14	37	39	14	26	11	17	23	39	32	29	16	12	28	26	19	20	31	24	27	20	35	15	18	16	18	31	14	12	20	37	12	19	27	17	25	32	23	17	11	21	31	23	33	31	24	12	11	20	38	15	14	20	19	39	30	24	34	18	30	23	13	15
24	24	34	18	38	36	33	20	18	26	22	20	12	37	22	27	37	22	12	36	19	36	35	12	23	34	31	28	19	11	13	17	31	16	33	40	21	27	33	20	31	22	18	12	35	24	23	16	35	32	16	27	22	34	19	16	26	27	18	19	17	22	37	27	11	20	39	26	31	23	32	15	39	28	14	31	17	20	36	27	15	25	24	12	28	26	12	36	26	33	21	33	28	14	30	25	40	33	15	31
24	23	26	12	39	15	30	16	31	11	28	28	28	18	19	29	16	13	14	37	11	34	14	36	31	40	12	25	23	17	15	17	28	40	40	35	12	27	13	25	21	28	35	16	36	32	19	19	12	16	11	32	11	22	30	17	25	16	39	27	32	40	31	29	40	35	37	16	14	21	21	20	18	11	11	39	25	13	40	16	14	14	24	29	28	40	13	13	30	29	15	22	32	14	28	13	30	37	19	20
25	14	23	28	21	34	28	11	28	22	19	13	27	33	15	20	21	26	38	39	28	18	24	14	39	28	14	37	24	36	30	39	29	23	34	25	21	24	24	24	30	12	14	23	19	30	21	40	17	31	34	22	32	24	18	24	39	29	40	40	37	29	26	25	12	24	30	36	29	32	18	27	24	33	38	22	23	17	28	11	20	33	16	40	34	17	33	34	12	34	34	37	30	40	36	19	18	22	38	36
34	28	33	19	11	22	15	14	24	39	19	17	21	36	20	20	33	31	15	38	18	27	29	25	25	34	25	31	14	38	27	14	21	11	32	20	37	25	12	29	12	30	23	31	13	36	21	30	39	20	28	25	38	39	24	12	33	31	40	35	21	14	28	11	24	28	18	11	25	35	31	22	20	37	38	34	37	20	12	37	20	26	19	19	28	15	28	12	37	40	32	27	31	19	34	15	40	38	22	23
26	24	36	16	27	29	22	25	13	12	39	37	20	12	37	19	30	38	36	14	33	36	35	23	31	15	32	35	23	31	34	21	35	39	29	15	12	16	23	32	37	28	35	19	35	23	37	27	37	11	32	14	36	32	31	28	28	22	29	36	14	37	32	24	22	13	30	12	20	38	34	20	30	38	15	27	12	22	24	19	22	25	40	12	26	25	25	34	22	32	13	37	15	25	20	12	35	14	28	12
27	13	12	26	27	21	36	17	16	21	17	20	17	16	39	38	19	28	34	33	14	26	17	25	31	17	40	33	21	39	18	38	27	30	13	30	18	23	30	30	30	38	26	26	34	37	30	19	24	17	17	13	21	30	15	17	16	38	32	25	29	12	35	23	39	32	40	23	25	29	31	15	20	28	26	36	15	23	17	38	40	13	30	21	30	20	15	20	22	18	16	24	13	25	11	11	39	23	40	30
21	21	34	20	30	28	38	30	33	34	39	31	24	29	37	39	27	29	12	26	11	25	20	17	30	26	14	17	33	26	40	32	30	21	37	24	38	37	37	20	15	38	40	27	39	40	39	26	25	36	38	19	11	24	28	25	15	36	11	23	23	20	38	21	31	24	31	29	35	29	28	16	34	16	31	39	33	32	30	35	36	26	34	24	21	11	32	19	33	17	36	16	34	26	25	38	36	12	38	27
27	26	13	38	16	19	27	17	30	18	39	16	11	30	34	39	31	25	17	19	13	28	26	21	29	19	38	30	39	21	17	25	26	28	39	34	20	23	14	27	32	36	35	23	34	40	26	32	39	40	33	35	14	20	17	11	26	23	20	25	16	28	37	20	14	27	30	29	22	28	28	12	18	19	39	25	25	31	29	26	14	23	19	18	12	37	36	35	17	20	35	22	27	38	14	22	28	26	28	28
29	26	29	24	40	15	29	36	21	21	37	39	22	36	20	18	40	31	11	38	18	34	31	28	21	39	17	35	39	27	40	15	16	35	23	33	27	11	25	23	34	12	26	23	36	11	16	23	19	28	39	31	39	22	40	12	19	11	23	29	37	38	35	39	26	22	31	27	37	24	36	20	34	39	18	30	17	12	22	19	15	26	32	30	39	12	21	35	36	32	18	31	14	34	25	26	15	22	15	11
18	21	32	30	12	29	34	11	25	38	31	24	16	31	13	23	13	29	12	34	25	28	20	23	18	38	34	14	26	12	18	36	34	22	36	18	21	19	25	40	37	30	20	27	20	34	40	24	37	32	16	16	24	20	32	13	26	11	15	39	19	17	12	32	33	18	31	21	34	23	37	24	33	19	23	27	14	33	35	16	31	40	21	19	39	36	37	36	36	16	38	11	12	13	20	25	40	18	34	22
31	16	13	13	15	25	38	38	11	32	21	35	16	28	19	19	24	24	31	27	32	34	12	17	25	35	22	35	34	40	32	39	23	39	19	12	33	21	39	27	21	16	32	22	30	15	39	17	38	23	25	32	14	35	34	18	21	35	22	19	38	33	18	19	13	14	31	15	31	38	15	28	29	32	24	33	33	36	26	22	22	29	32	11	37	20	28	28	40	12	19	14	14	13	38	14	30	11	35	38
20	38	24	37	24	15	21	39	35	27	30	39	27	35	14	11	23	37	19	28	26	33	40	11	25	17	26	32	29	14	32	30	34	37	22	33	11	15	35	15	20	13	13	19	14	21	15	14	15	13	23	36	39	35	12	26	27	23	14	35	14	20	26	15	22	19	37	20	36	38	20	39	36	24	15	26	12	32	40	40	31	32	35	34	27	17	12	12	24	20	31	16	21	12	16	25	20	32	14	34
28	21	26	40	34	27	17	17	32	14	22	38	27	17	15	18	25	16	15	19	14	18	34	37	35	14	22	28	19	39	32	38	15	15	28	12	19	24	19	30	29	33	14	23	11	11	16	19	18	16	26	24	35	21	22	11	37	12	13	11	25	35	13	35	27	17	21	33	33	25	14	31	14	21	27	30	17	21	37	33	24	24	33	16	36	27	12	31	18	13	21	40	33	11	12	28	27	28	32	11
33	28	11	16	39	24	33	26	19	33	27	20	12	34	32	16	11	27	28	37	16	22	33	15	35	20	32	22	32	35	36	26	12	29	35	16	17	34	24	38	23	13	31	33	11	30	14	33	30	36	38	12	34	24	14	39	23	30	30	36	28	28	27	26	33	36	26	36	19	38	21	19	28	35	31	23	26	30	36	15	35	20	25	14	20	20	27	18	24	12	27	19	12	26	32	22	24	30	37	23
20	20	27	14	16	16	12	14	16	37	40	28	11	38	25	23	14	22	24	15	38	21	16	20	36	36	33	32	14	23	38	36	23	28	20	29	21	38	37	31	11	23	28	40	20	16	13	12	35	14	30	18	31	16	33	22	29	34	13	33	36	29	21	22	24	27	20	31	38	34	12	33	30	37	17	39	39	40	27	28	16	26	18	15	22	12	37	35	13	40	15	21	22	38	28	19	11	14	13	13
24	28	23	31	18	20	34	17	33	39	30	35	25	24	11	39	31	15	11	15	29	29	14	36	38	40	26	35	33	13	34	12	32	21	31	19	20	26	38	24	35	26	30	25	17	16	14	22	17	39	14	21	24	28	20	25	19	29	14	16	34	13	25	30	30	36	16	34	23	25	27	12	34	38	35	17	14	33	12	25	38	11	22	20	14	25	11	37	37	23	31	36	24	25	30	40	30	33	38	28
17	26	12	24	33	22	11	36	33	25	25	15	35	16	21	14	15	31	39	31	16	22	39	24	23	18	35	16	36	21	14	13	37	40	12	22	27	18	28	31	25	31	37	27	18	29	32	33	15	14	28	27	20	20	13	17	34	23	27	28	19	34	25	35	15	34	20	17	19	35	28	20	36	37	12	15	11	37	20	25	33	38	37	13	16	18	29	29	35	26	40	17	27	40	29	14	28	16	16	37
13	12	35	32	21	13	21	13	12	11	22	36	22	33	18	14	28	19	19	16	11	12	20	15	25	28	39	38	28	15	11	24	30	36	40	18	37	17	38	24	14	15	12	23	30	19	12	12	34	40	40	33	36	40	35	14	21	38	19	31	23	24	37	23	35	13	27	36	39	16	34	26	33	12	22	17	17	28	39	22	31	23	15	19	26	16	39	30	26	30	13	31	35	23	24	30	12	17	39	27
30	15	26	16	33	17	21	20	33	30	37	30	32	20	37	21	20	24	20	40	12	38	32	34	30	11	13	37	32	15	37	19	11	28	37	34	11	28	18	18	33	32	27	21	33	13	36	29	20	29	31	36	23	26	32	21	17	32	22	29	16	32	33	33	22	37	28	19	28	32	30	13	37	26	37	27	27	20	40	36	30	11	23	28	26	32	17	23	28	40	15	33	25	15	28	27	26	28	11	26
13	40	18	24	37	13	24	29	38	14	12	33	31	14	38	39	30	15	22	29	16	25	26	23	17	21	28	39	31	11	22	17	39	25	27	16	35	35	24	13	35	31	20	38	26	40	13	16	35	35	21	24	21	24	23	15	33	12	15	15	40	17	21	21	14	13	37	23	32	17	23	21	13	30	34	35	21	28	22	33	19	32	15	13	28	15	37	19	18	13	32	13	12	22	31	40	23	13	25	28
30	21	23	37	25	18	27	32	33	25	14	25	21	28	32	15	16	19	28	23	27	18	31	30	13	39	11	14	29	30	26	36	40	28	13	33	20	21	17	32	28	24	18	32	20	26	36	29	33	39	18	25	15	28	39	30	20	38	31	13	24	40	33	11	26	37	29	32	16	23	21	16	16	31	27	39	38	18	31	30	13	37	18	22	29	28	11	25	40	33	15	27	21	35	36	12	39	37	25	13
28	18	22	11	28	19	31	12	16	39	38	22	37	26	31	20	35	19	23	36	29	14	25	38	13	24	12	33	19	26	35	40	32	19	28	36	18	31	17	15	25	29	37	27	26	18	12	39	27	40	23	12	12	29	40	25	28	28	16	32	16	34	35	20	26	33	18	22	19	24	34	26	32	21	33	19	11	20	19	39	38	26	24	39	21	32	22	36	30	26	20	35	28	29	31	30	25	15	17	16
32	20	3	85	76	23	41	65	58	28	2	42	14	95	92	87	78	53	49	60	35	66	25	8	62	68	56	24	69	7	11	18	89	9	84	43	37	10	64	99	90	100	4	77	54	55	40	21	97	72	80	1	70	73	15	44	79	31	52	96	67	61	33	19	26	12	75	91	16	63	29	57	94	13	36	71	74	39	5	47	27	48	22	45	98	86	17	51	88	34	82	50	83	6	59	81	93	46	38	30
8	43	88	18	51	94	65	7	37	12	32	83	49	39	92	84	47	5	71	38	54	19	89	14	99	17	80	60	44	26	91	86	69	11	55	75	29	64	67	9	74	50	22	13	33	35	66	87	52	48	85	79	40	100	1	76	31	10	62	81	95	70	24	45	61	58	21	72	68	4	97	59	23	30	82	78	41	96	27	77	34	93	6	20	25	15	3	42	28	56	2	57	36	53	63	16	98	46	73	90
20	74	80	76	92	29	99	40	19	78	11	5	41	38	73	17	33	44	46	24	30	52	9	4	25	32	61	81	18	70	53	66	1	50	27	3	51	79	12	87	48	93	35	15	13	65	95	64	10	58	69	14	71	83	90	86	96	36	84	43	26	16	23	67	55	62	100	94	63	77	75	42	22	37	72	2	21	7	47	98	57	34	88	85	97	54	59	45	89	31	49	91	60	8	28	39	82	6	68	56
84	89	15	22	67	61	100	53	16	10	9	29	97	68	4	55	44	38	91	86	20	19	30	45	58	95	72	48	34	79	50	64	80	65	47	33	23	54	94	88	99	75	35	42	74	87	40	43	92	32	7	77	37	1	12	66	13	90	28	11	8	3	41	62	96	36	82	21	14	26	63	56	70	18	85	25	31	83	6	76	27	5	39	81	93	52	2	17	73	69	24	98	46	57	51	59	60	49	78	71
25	80	61	30	75	68	35	41	87	84	50	11	51	22	38	34	49	99	26	88	9	4	54	63	47	98	69	15	36	71	46	92	81	64	18	65	5	12	3	73	31	14	86	19	96	97	58	56	62	28	33	82	100	42	32	55	37	66	72	27	10	70	7	20	8	93	78	53	43	13	45	21	16	2	74	39	76	29	94	83	1	89	48	6	79	60	52	85	17	59	90	67	77	23	24	95	57	40	44	91
55	61	2	34	20	50	74	93	39	23	5	7	26	81	54	64	84	63	89	71	94	77	45	65	57	53	44	85	60	80	12	22	75	96	47	91	21	37	19	27	68	9	78	97	52	11	56	3	10	49	100	98	18	31	79	36	62	51	40	41	38	13	66	87	28	90	73	17	83	15	4	33	32	69	72	30	43	48	1	16	8	42	67	99	59	92	88	76	35	24	14	86	25	6	46	70	82	58	95	29
70	91	47	71	80	66	75	4	30	95	44	13	90	89	98	100	92	2	49	16	59	7	73	27	22	99	43	31	69	85	81	62	8	24	64	72	77	38	87	1	12	93	65	42	36	17	20	82	6	45	19	53	60	78	68	48	97	35	54	58	84	34	88	61	39	86	11	96	74	52	10	41	50	46	9	37	15	76	25	33	79	28	57	67	18	40	51	94	23	83	26	14	29	5	56	63	3	55	32	21
99	88	80	95	65	78	66	18	89	1	38	13	27	42	7	20	34	4	55	81	15	52	59	85	46	63	64	61	45	75	11	76	90	98	5	33	50	82	69	86	72	31	25	41	30	51	74	3	26	47	68	10	23	93	94	87	96	83	2	62	71	36	67	43	79	9	53	73	56	24	100	21	97	6	17	19	92	40	57	22	12	49	58	44	54	14	35	16	8	48	70	84	37	29	60	39	32	91	77	28
44	23	40	42	51	32	64	11	84	61	16	3	37	69	71	94	5	26	2	25	60	19	56	9	55	88	58	45	7	31	36	57	73	8	74	4	77	63	27	15	92	80	41	20	81	35	62	52	30	28	21	79	10	6	99	34	59	18	90	13	70	93	95	66	1	83	24	29	87	97	54	65	85	82	39	50	75	47	67	76	72	33	98	49	48	43	100	91	86	38	89	46	68	53	17	96	22	14	78	12
72	54	39	75	70	67	17	81	34	30	56	42	22	79	37	69	49	62	63	26	74	59	41	52	33	32	25	46	88	92	21	38	8	99	7	47	73	13	95	45	87	40	83	28	91	61	80	15	35	44	96	14	86	16	27	6	85	19	43	100	4	65	50	48	51	78	29	11	71	31	20	66	90	3	57	68	97	36	64	98	24	9	93	2	55	23	58	5	82	94	89	60	84	12	1	18	77	76	53	10
81	82	33	31	18	55	14	12	77	93	62	84	94	10	39	68	47	67	26	69	36	34	71	88	2	90	66	8	99	46	56	28	73	48	75	98	32	38	9	35	29	25	4	19	1	57	37	5	95	91	65	53	50	86	92	22	97	21	72	85	96	3	83	70	49	23	79	64	63	20	61	16	59	78	27	80	17	15	6	89	24	7	87	40	44	42	74	45	41	54	30	43	76	51	60	100	11	13	52	58
76	88	72	95	98	47	91	17	66	92	6	84	77	74	8	71	13	2	82	1	85	48	11	31	15	36	64	46	41	51	16	100	37	32	78	81	90	3	14	34	7	52	61	20	21	80	24	26	57	12	60	27	67	39	44	28	45	58	29	25	50	40	9	68	97	53	65	73	89	69	86	94	49	79	56	59	62	93	83	75	96	99	10	35	42	70	19	4	18	63	55	23	22	43	38	30	5	54	33	87
7	17	8	89	66	19	20	70	61	63	39	78	53	10	79	50	23	56	59	32	93	45	57	72	94	43	92	15	41	51	30	9	98	48	25	77	71	58	16	60	38	49	88	28	84	62	54	31	82	46	4	74	67	44	6	76	5	75	86	24	100	68	90	81	87	35	37	3	18	13	29	97	21	47	64	73	36	69	33	95	83	14	11	91	96	1	80	55	22	99	34	26	85	42	40	12	27	65	52	2
83	11	70	76	64	35	89	72	9	4	98	43	5	67	52	65	37	80	85	7	22	71	19	25	68	27	94	77	92	24	97	20	29	17	8	84	2	44	56	23	45	95	62	47	38	14	21	6	48	60	59	1	55	82	49	100	26	10	88	73	91	31	40	75	36	3	39	16	18	87	90	42	57	34	69	93	15	74	50	32	86	66	53	63	78	61	96	79	13	28	58	33	12	81	99	51	46	41	54	30
75	48	26	68	6	37	14	70	95	91	79	83	17	81	61	13	77	32	28	50	24	46	27	84	4	3	35	7	97	94	44	69	100	89	66	2	72	36	73	65	34	80	22	98	19	29	10	38	64	39	20	47	33	53	62	30	85	87	52	76	18	42	1	71	49	45	23	40	78	93	82	25	8	92	16	9	56	41	59	31	57	54	96	74	90	63	67	58	86	12	11	88	51	99	5	55	15	43	60	21
2	76	84	63	69	25	90	86	14	13	64	61	89	24	39	62	75	65	91	99	19	97	33	60	22	48	95	32	66	77	36	71	54	44	5	82	26	10	98	23	4	74	87	20	46	55	51	88	56	7	100	18	53	35	96	83	70	92	40	30	8	58	45	12	15	67	93	1	41	49	72	94	80	29	3	57	38	68	28	9	73	52	59	34	31	47	43	42	21	27	50	81	17	85	78	16	6	79	37	11
100	51	22	93	56	68	97	78	54	89	27	18	66	9	30	72	79	45	61	62	42	92	53	94	47	17	24	76	2	91	98	82	70	48	96	83	81	37	55	43	99	36	23	16	25	80	41	50	7	5	8	11	3	60	86	90	20	71	46	26	59	63	67	74	52	21	84	14	77	13	4	69	6	10	34	95	85	88	39	33	19	35	1	38	12	87	65	32	31	15	29	40	57	49	28	73	58	64	44	75
38	40	95	72	65	14	90	97	47	63	20	80	13	96	17	41	92	28	49	36	44	58	78	50	60	12	88	79	42	31	61	94	64	71	93	37	43	99	76	87	59	4	8	30	52	6	86	11	54	5	81	27	46	45	74	32	69	10	26	67	53	85	25	19	48	18	23	84	91	16	7	56	33	51	15	29	9	73	98	22	57	70	39	75	77	21	2	89	66	24	82	1	34	3	68	83	35	100	55	62
30	11	16	90	32	89	77	84	12	38	40	33	58	92	50	83	81	17	43	61	96	39	72	73	7	37	79	60	49	91	93	100	63	56	59	68	54	44	25	52	2	41	74	85	34	15	95	78	51	94	9	4	20	82	97	87	98	69	67	42	65	45	64	29	18	99	71	31	76	70	10	28	19	62	46	24	53	86	88	80	23	55	35	57	5	3	8	22	1	48	26	36	75	47	6	66	27	14	21	13
5	81	11	18	89	41	3	71	91	83	62	93	57	37	77	20	65	2	66	56	47	14	55	21	90	58	38	100	88	17	74	26	39	76	42	98	1	95	22	32	60	9	49	99	45	69	51	78	29	61	36	54	94	97	13	10	50	52	92	23	48	6	80	40	67	59	64	4	87	46	53	44	7	84	73	24	82	27	35	31	30	68	70	25	28	43	19	34	85	63	75	72	8	16	79	12	33	96	86	15
85	87	10	44	54	15	6	22	88	59	20	56	4	96	65	75	17	14	53	55	60	66	89	95	31	19	36	68	61	92	57	45	23	27	51	62	99	71	18	78	11	94	81	80	5	12	43	3	40	16	52	79	35	1	25	93	49	77	74	9	29	8	67	13	100	24	2	38	34	69	64	58	70	47	30	26	37	72	46	32	90	91	97	7	21	84	41	63	73	98	76	28	83	48	33	82	42	86	39	50
30	25	21	17	66	24	40	76	96	99	83	29	39	41	22	84	5	46	98	49	71	92	85	89	67	52	82	68	47	100	28	75	26	78	33	38	97	65	61	8	11	86	15	74	3	88	32	16	91	6	90	19	44	10	35	51	69	81	62	37	23	20	80	50	57	55	31	58	93	79	9	87	72	43	73	94	63	56	27	36	53	95	60	18	77	13	14	12	2	45	70	59	48	54	42	64	4	1	34	7
94	88	48	69	43	6	97	74	1	29	39	23	78	13	16	5	59	75	27	12	53	10	81	98	45	86	3	14	37	7	4	9	66	55	31	34	95	30	15	87	67	90	20	72	47	83	85	28	42	99	93	11	25	24	60	63	91	68	64	56	18	38	36	17	96	46	80	92	82	54	76	19	71	26	41	100	44	73	21	65	33	51	62	61	50	49	32	84	22	52	57	79	89	35	40	8	2	77	58	70
46	41	77	15	35	6	18	100	67	91	60	21	50	25	56	55	73	8	89	98	34	14	63	69	72	96	66	97	84	37	31	33	52	95	65	82	42	45	99	70	90	79	26	19	32	23	2	1	51	94	53	24	28	68	58	17	81	74	9	36	10	88	86	40	29	30	47	61	78	48	20	38	39	59	75	71	93	54	5	87	4	43	27	64	62	7	76	3	49	13	11	83	44	92	22	16	12	57	80	85
29	68	77	43	25	11	89	67	64	72	84	18	92	24	78	51	45	40	91	5	71	63	80	79	28	57	6	65	56	15	66	9	49	52	85	83	36	53	23	74	4	61	46	8	87	31	47	69	21	14	42	39	48	100	62	17	86	90	22	59	60	97	35	37	50	44	20	88	2	55	58	33	13	26	41	27	3	12	70	81	93	96	1	75	94	19	82	54	10	99	30	32	76	73	34	98	7	95	38	16
11	43	42	54	8	20	12	4	27	81	88	65	100	69	90	89	80	96	14	84	5	22	23	13	36	17	67	99	74	28	34	32	19	77	37	30	85	78	79	91	71	24	98	61	70	44	7	93	40	62	53	94	63	72	47	46	10	2	31	38	51	76	95	58	26	39	75	41	57	87	48	64	73	35	55	97	9	21	3	49	33	15	66	45	16	29	92	83	1	59	86	82	52	60	25	50	18	68	6	56
42	99	17	87	68	6	71	8	83	50	44	91	20	18	3	74	78	49	59	35	22	1	39	86	2	33	38	32	73	84	36	10	16	67	28	14	43	72	63	77	80	64	19	13	70	98	7	89	4	47	88	75	15	53	48	76	97	79	60	21	5	66	93	25	29	23	57	94	95	69	92	85	12	56	61	52	65	90	30	9	26	54	81	37	41	31	34	96	51	100	27	55	62	40	82	24	45	11	46	58
4	1	52	27	17	73	60	36	12	58	30	61	41	37	13	28	90	94	40	3	14	54	88	53	89	92	70	21	39	82	18	86	38	49	75	50	63	45	78	20	81	87	7	100	46	35	99	43	5	56	67	33	57	32	44	66	59	96	31	84	11	95	55	72	76	29	79	6	68	25	10	42	91	85	74	98	34	71	64	69	26	62	15	93	24	8	51	80	16	77	83	47	22	97	9	19	48	23	2	65
62	19	82	68	30	24	2	97	17	4	92	79	65	76	84	66	54	88	28	53	81	25	64	45	100	39	49	38	18	67	61	60	70	69	29	12	71	98	1	21	78	73	5	91	27	32	35	20	16	8	46	86	14	99	50	63	80	42	40	6	51	77	26	72	7	90	37	96	13	9	31	48	56	85	95	87	47	58	55	44	74	43	57	22	94	52	33	75	93	36	83	3	41	23	10	89	15	11	34	59
98	49	71	84	74	20	37	99	48	73	61	60	80	62	41	19	6	55	33	87	72	91	18	67	27	28	9	7	51	11	75	31	100	29	65	88	66	57	77	21	53	40	90	8	42	26	5	32	30	59	2	47	68	39	3	89	92	44	43	83	38	35	36	46	10	70	22	78	76	34	63	93	64	1	81	12	85	56	95	45	14	54	24	13	25	52	69	17	58	96	79	82	16	23	94	4	50	97	86	15
85	84	88	50	49	75	9	30	17	14	87	43	36	51	66	70	73	76	57	35	100	47	15	62	61	23	31	60	27	28	91	4	34	41	53	24	3	72	65	33	77	81	37	13	67	99	29	80	64	86	48	71	58	89	59	42	90	74	96	97	94	46	20	19	5	56	8	32	83	95	79	45	18	44	39	25	92	52	54	16	63	82	10	1	69	98	55	12	38	78	22	40	2	11	21	7	68	26	6	93
24	50	10	62	15	57	22	53	45	13	74	65	28	95	60	56	37	78	51	17	67	85	26	32	55	71	96	81	27	75	52	11	76	99	97	6	40	49	93	88	80	44	82	68	47	5	23	29	69	34	86	91	16	39	4	31	21	43	3	48	59	72	1	83	30	64	25	2	41	35	61	8	20	63	89	100	12	7	66	19	92	94	46	87	90	14	9	58	84	54	73	18	38	70	33	77	36	98	79	42
38	82	32	44	33	20	100	96	13	3	49	86	5	8	25	79	30	21	91	23	74	2	16	12	1	51	94	55	85	17	66	53	68	75	64	47	52	65	31	62	4	27	61	73	63	15	14	80	81	37	46	42	11	70	39	78	35	83	71	93	57	59	6	24	92	84	97	18	10	95	34	22	19	89	69	67	29	50	41	60	54	88	43	87	48	36	98	56	45	28	76	40	7	90	77	58	9	99	26	72
42	86	38	35	88	85	2	79	49	12	31	21	78	91	99	48	57	92	30	61	23	82	53	36	32	19	54	4	70	22	29	14	45	95	34	24	5	60	51	46	97	55	67	17	59	13	9	26	75	65	69	27	16	63	41	18	1	66	28	56	44	71	80	33	25	43	90	94	15	87	83	72	52	62	3	7	100	50	76	39	11	98	68	40	8	58	84	93	20	96	47	37	64	6	74	89	77	81	73	10
1	27	84	37	46	25	28	93	55	71	43	40	85	91	14	9	35	18	24	26	50	36	19	51	57	49	67	41	54	10	38	80	99	30	13	42	98	76	59	96	16	17	77	66	86	5	45	56	7	90	63	3	78	53	6	65	23	75	73	69	44	79	95	97	72	47	70	34	89	39	2	11	8	21	94	48	58	15	83	33	68	20	87	52	100	4	74	12	29	92	88	62	22	60	32	82	64	61	31	81
34	47	84	64	49	8	69	22	91	43	98	94	30	83	38	81	60	95	74	62	61	53	48	85	23	5	4	73	78	2	75	10	90	17	42	86	68	46	76	7	15	16	92	93	39	1	32	100	21	99	63	41	70	12	3	36	96	45	55	28	72	29	97	19	88	40	50	82	18	25	14	71	66	24	80	87	20	65	77	31	35	54	58	56	37	26	67	52	6	27	59	13	57	9	44	11	51	89	79	33
99	1	6	85	93	32	52	59	91	55	27	29	42	19	28	26	78	34	94	3	54	67	2	37	66	36	100	50	64	40	84	88	98	63	18	46	58	7	65	13	8	33	92	5	10	30	83	43	53	86	31	45	17	56	38	87	89	80	70	39	69	76	97	16	75	14	25	44	73	81	74	48	51	12	57	95	62	77	49	21	79	71	96	61	22	9	41	4	23	82	24	68	90	11	20	47	72	35	60	15
83	18	93	27	63	29	20	56	9	40	57	75	22	96	60	46	21	71	43	90	74	1	3	28	34	100	19	51	81	80	79	15	30	38	36	98	16	85	45	88	13	64	33	86	48	77	4	6	2	7	91	55	25	99	54	39	23	37	32	5	94	97	31	12	42	82	53	52	35	84	17	11	72	44	68	10	26	87	65	47	49	62	61	67	50	69	76	24	8	73	41	59	95	66	14	78	70	89	92	58
97	82	19	76	26	29	44	96	14	59	80	94	86	90	73	70	21	79	74	1	10	50	2	25	53	42	37	3	55	31	7	75	88	87	72	20	61	81	60	65	16	62	46	85	99	77	18	63	17	40	66	24	68	51	100	56	43	15	57	22	67	92	36	11	38	91	39	35	41	9	52	48	47	93	45	23	95	84	27	71	78	32	83	8	6	54	4	98	13	33	28	34	49	64	30	12	5	89	69	58
40	36	98	59	26	71	62	34	33	56	67	13	35	23	24	8	90	68	93	43	30	72	100	65	76	12	73	39	80	25	45	31	5	77	87	79	16	2	20	75	84	28	96	18	81	60	83	32	61	7	55	66	46	94	82	4	14	1	64	89	49	10	86	27	54	17	78	42	74	47	95	38	44	69	6	63	9	15	52	48	50	3	29	85	19	58	88	57	21	51	37	22	91	99	70	53	11	41	97	92
25	49	39	19	73	48	29	75	97	94	51	59	47	42	85	62	36	77	83	50	54	87	13	26	82	15	89	16	64	23	32	27	8	76	34	24	38	78	45	52	10	6	55	99	93	5	14	41	9	30	91	11	72	100	44	70	43	74	84	92	37	46	22	33	28	40	53	81	66	21	20	17	7	90	60	56	68	86	95	98	31	61	35	79	88	65	71	67	57	4	1	2	58	80	69	18	12	96	3	63
85	97	26	1	90	43	7	31	99	73	2	28	48	37	15	93	36	59	89	24	96	29	88	63	46	100	8	10	32	42	33	79	14	13	87	54	80	91	86	25	94	9	61	11	72	53	64	20	65	57	35	55	19	5	60	84	4	52	39	56	92	44	81	47	68	66	12	30	27	49	18	74	69	40	51	23	77	70	50	6	95	83	21	71	3	75	38	58	82	76	22	78	17	41	62	67	16	98	34	45
50	100	43	81	70	87	51	35	30	56	91	78	75	83	46	84	52	1	13	19	23	32	90	69	27	14	82	61	21	20	71	63	79	45	66	17	24	60	4	18	62	57	95	47	53	40	9	49	88	65	15	3	55	59	73	33	48	54	93	31	72	5	25	39	85	67	58	6	38	64	42	11	28	99	41	94	76	80	97	7	86	10	98	68	44	36	37	2	77	34	96	74	89	26	22	92	16	29	8	12
82	94	32	89	55	56	20	79	83	74	53	6	37	88	57	81	23	48	75	39	33	21	90	64	97	8	12	76	86	62	52	13	66	16	19	46	26	2	65	27	67	11	29	93	59	44	87	49	70	51	91	50	10	28	80	30	9	71	36	98	73	17	1	47	85	72	25	84	69	22	58	63	35	34	54	31	5	15	24	14	60	100	4	99	96	43	45	68	61	3	38	18	41	7	42	77	40	92	78	95
22	77	9	4	70	85	71	24	18	96	27	5	100	28	95	31	33	47	80	1	97	19	98	17	72	81	61	75	93	66	89	25	45	16	76	90	44	94	12	49	13	7	58	60	29	21	73	55	42	11	46	43	2	8	67	51	3	52	69	38	10	79	86	65	36	20	15	68	30	53	82	54	91	34	78	99	26	14	62	92	50	48	83	23	63	74	40	88	64	37	57	59	39	84	41	56	32	6	35	87
18	88	10	5	48	63	17	53	34	45	77	20	79	40	7	72	83	67	25	22	75	14	42	93	8	66	84	26	64	92	70	96	94	82	78	28	49	57	36	65	87	59	61	47	100	90	38	68	91	37	55	62	41	99	54	43	69	29	51	24	97	6	3	13	50	12	74	2	95	32	4	58	52	98	60	15	85	1	39	35	9	73	81	30	27	76	11	19	33	23	31	71	56	44	86	80	16	89	21	46
73	23	87	99	84	52	75	76	51	95	72	81	100	45	5	94	11	93	28	4	32	79	56	3	65	50	68	6	25	48	71	31	58	29	70	96	22	46	36	12	80	92	83	20	18	54	19	10	91	21	61	78	27	37	43	67	74	47	42	90	49	2	89	30	8	24	17	66	9	98	34	1	60	40	41	97	39	33	44	82	14	59	69	13	26	62	15	16	38	57	55	85	7	35	86	88	63	53	77	64
26	79	39	53	58	68	73	1	8	16	42	30	43	87	28	76	69	4	83	25	70	86	44	23	50	51	14	18	49	32	96	7	62	60	22	12	15	48	41	20	40	34	54	45	19	47	98	77	11	3	72	85	91	27	37	13	63	57	66	6	93	55	88	94	59	36	9	31	84	35	17	64	92	46	100	10	75	89	80	2	67	74	81	82	65	71	95	29	21	33	78	56	24	61	99	97	90	52	38	5
33	5	27	84	64	77	2	47	51	58	63	20	48	10	8	70	7	94	68	31	52	23	60	56	26	41	1	42	40	99	72	14	90	75	91	57	11	92	83	29	69	21	96	74	86	89	54	82	3	38	6	43	81	32	30	37	65	87	25	71	95	61	12	93	18	16	79	24	39	17	22	49	98	13	59	85	53	67	100	55	78	80	9	66	73	4	15	28	35	44	62	76	45	50	34	36	46	19	88	97
78	73	23	54	27	67	38	59	83	3	37	34	92	46	79	11	8	49	68	30	42	5	93	86	9	69	100	57	76	55	64	31	15	29	81	1	88	43	95	53	2	33	35	85	12	18	62	4	13	91	90	32	24	16	45	48	60	36	66	87	51	89	77	99	82	56	80	65	14	52	50	63	25	22	40	94	28	7	6	20	72	61	74	26	97	71	75	58	96	44	19	70	98	84	47	41	39	17	10	21
8	20	70	77	36	12	46	21	74	31	56	7	22	2	98	37	28	11	19	95	68	1	67	53	50	69	3	43	96	92	85	88	52	5	55	47	4	90	54	39	14	13	93	62	18	51	76	35	83	80	26	10	48	29	30	58	45	81	63	34	91	40	84	17	100	15	61	44	23	57	42	41	72	59	24	87	99	89	64	75	32	97	60	33	94	65	86	49	25	78	73	9	27	79	71	6	66	82	16	38
50	48	24	13	68	12	90	41	5	70	65	8	11	72	38	64	55	52	87	88	61	2	47	71	63	89	9	67	74	40	62	95	49	93	84	77	27	79	91	35	59	1	4	16	94	73	45	25	58	83	54	26	82	14	20	28	97	42	17	36	22	66	37	29	60	51	53	30	32	96	81	92	3	69	7	18	39	10	21	6	57	34	100	23	85	86	44	46	56	75	31	99	98	78	33	43	76	15	19	80
3	84	36	44	27	14	70	30	66	81	20	55	73	35	77	12	65	51	95	61	57	22	97	72	38	21	58	10	8	93	18	89	82	37	96	90	83	52	5	25	53	7	64	19	29	47	54	60	41	80	86	31	91	48	49	16	33	94	74	13	39	100	71	99	88	59	28	11	50	67	62	6	75	68	1	34	98	17	43	69	2	40	46	85	4	23	9	79	32	92	26	15	42	76	24	56	87	78	45	63
69	95	74	62	29	22	91	16	81	5	17	96	77	53	24	49	54	61	85	55	26	92	20	57	2	63	97	58	60	72	94	23	28	11	50	15	30	39	68	70	64	73	19	7	56	45	59	32	89	1	100	90	44	78	51	36	48	9	99	86	18	13	35	65	21	52	87	71	34	75	84	43	98	88	12	31	38	47	82	79	33	46	37	41	4	8	80	42	27	83	93	40	66	10	3	67	14	25	6	76
89	95	58	80	6	32	19	18	23	3	51	45	74	48	66	85	78	96	75	1	100	49	97	31	67	8	98	87	81	56	71	30	36	77	46	52	17	90	35	79	42	13	76	22	27	62	84	39	40	28	37	14	54	41	43	63	21	20	44	73	53	59	24	83	10	61	64	9	99	29	82	92	70	4	69	15	88	11	60	50	33	86	7	25	65	5	26	68	38	12	93	57	91	94	47	72	34	55	2	16
14	99	55	81	68	13	10	26	79	67	42	58	44	34	5	91	8	2	75	24	53	23	63	6	40	50	69	80	86	76	47	54	16	74	29	78	21	37	20	70	28	27	46	77	22	41	48	49	87	15	60	66	62	43	56	52	98	85	94	36	61	39	90	18	9	93	64	89	97	12	4	31	59	45	83	11	35	33	7	73	19	82	65	38	30	51	3	88	96	72	84	32	92	57	100	25	71	17	1	95
84	37	72	45	50	10	25	38	11	31	60	65	61	89	35	96	68	90	20	19	63	93	52	36	80	41	56	5	88	66	40	78	64	23	2	39	55	3	26	46	76	74	32	85	14	75	34	53	95	94	15	4	86	71	62	47	24	87	99	100	18	27	21	91	22	7	33	12	29	9	13	44	58	16	59	57	83	8	77	1	43	51	17	70	48	98	67	28	49	30	42	69	81	97	73	79	82	54	92	6
88	57	89	79	87	27	5	93	55	18	4	69	23	64	75	71	42	96	3	74	36	41	61	86	98	19	59	6	66	34	83	56	100	44	99	20	31	50	54	26	46	78	70	13	85	58	80	52	9	7	37	72	60	14	22	47	97	51	17	29	25	91	82	81	63	24	49	35	77	16	90	39	95	12	62	43	1	10	94	40	65	76	2	11	30	73	28	67	8	32	38	15	45	92	21	48	84	68	53	33
15	78	44	75	2	41	95	79	58	25	94	37	26	4	5	100	98	72	35	32	80	19	61	90	87	66	46	38	42	64	28	84	9	71	92	24	43	14	1	60	53	34	11	97	40	85	70	67	12	73	55	69	45	39	51	99	33	21	83	29	63	81	57	96	93	68	49	47	13	74	54	76	86	30	65	89	52	82	18	62	10	8	31	7	88	56	36	91	50	6	20	22	17	77	23	59	27	3	16	48
83	48	89	71	75	62	36	53	98	96	41	19	67	91	2	86	42	22	56	27	68	8	14	34	6	63	55	49	35	100	25	76	95	17	24	99	5	15	61	44	39	43	92	30	23	32	78	66	29	26	37	46	57	10	77	13	74	65	85	20	31	18	52	50	93	60	12	70	33	73	16	79	1	81	40	7	11	72	4	28	94	64	87	51	45	47	38	3	88	54	9	69	97	90	59	82	80	84	21	58
13	33	65	12	51	16	96	79	64	9	10	20	63	73	43	46	95	53	59	86	6	14	19	67	92	98	77	8	100	27	41	40	69	24	82	26	61	90	48	49	68	87	74	25	2	34	62	72	55	42	70	76	97	30	35	7	58	84	57	3	5	37	45	91	75	56	93	4	71	99	18	50	78	47	15	60	28	54	80	39	66	94	83	44	23	17	1	32	89	81	52	21	36	31	29	38	88	85	22	11
3	26	76	5	33	42	55	89	73	59	34	6	2	80	22	88	21	35	71	50	90	70	29	48	97	75	60	82	79	95	69	11	91	13	37	47	16	100	27	4	1	12	87	17	46	51	92	54	67	20	53	32	58	44	10	56	39	7	9	99	8	62	41	85	68	15	86	72	18	98	78	57	24	84	52	96	93	19	83	81	49	43	40	25	65	45	64	63	23	94	30	31	14	61	66	28	74	38	36	77
38	28	62	27	64	88	12	25	3	87	33	5	7	30	17	99	63	72	4	16	55	42	50	80	90	82	78	51	96	77	85	41	11	95	71	70	37	44	46	68	49	48	24	52	31	10	29	61	65	75	59	56	20	35	2	73	14	45	23	74	93	26	34	92	83	13	1	39	81	100	67	69	91	43	32	40	86	57	60	53	66	89	54	36	58	18	9	98	19	97	8	94	76	47	15	84	6	21	22	79
62	69	14	58	46	17	56	86	41	75	40	36	5	92	98	66	73	21	44	99	54	84	31	67	10	18	26	81	68	42	78	2	94	91	51	24	48	63	49	32	50	79	33	15	23	89	11	27	100	25	59	71	77	20	13	53	22	6	74	4	64	39	60	76	38	52	9	57	12	1	96	85	97	70	87	37	43	8	80	28	16	90	29	65	72	3	34	93	35	19	47	45	95	30	61	7	88	83	82	55
77	25	95	61	82	5	3	27	24	74	58	7	57	19	35	37	81	8	26	93	16	51	40	85	43	48	66	60	55	47	38	72	88	73	31	50	34	62	90	99	14	92	63	46	20	52	49	100	71	94	32	45	87	18	2	86	98	29	91	12	9	44	84	89	97	54	80	59	64	36	42	28	56	22	10	76	78	17	96	11	83	41	69	39	33	1	13	68	23	6	79	75	4	70	21	30	65	53	15	67
74	12	88	31	20	14	22	18	34	84	13	23	10	36	97	49	16	11	38	1	64	54	9	42	46	61	40	83	45	99	2	91	85	55	93	63	52	68	25	7	76	71	51	80	15	95	62	94	8	33	44	39	58	35	57	53	30	24	4	37	6	41	96	78	32	100	82	73	67	28	98	72	92	48	3	66	60	90	19	69	89	5	56	27	59	87	75	77	70	29	86	65	47	17	26	21	50	81	79	43
21	36	31	100	10	8	18	79	71	17	9	14	91	81	64	83	26	84	5	54	85	76	30	74	44	57	7	43	46	3	70	49	12	23	29	34	68	67	13	72	20	88	94	93	89	87	92	75	4	45	80	86	2	42	24	16	99	90	11	25	35	19	66	98	15	41	69	97	22	73	56	78	58	37	53	48	65	27	61	82	50	96	40	38	51	32	47	39	60	77	62	63	52	28	59	1	55	6	95	33
85	83	96	40	27	51	5	31	67	7	87	39	80	99	93	86	22	11	20	57	19	25	23	3	56	89	32	70	65	79	75	94	26	28	53	66	71	41	8	10	34	88	36	14	69	76	18	100	46	62	68	13	55	91	4	95	49	12	16	52	63	97	17	73	15	42	82	21	24	38	78	47	77	43	81	60	84	33	37	44	98	9	50	1	2	29	45	48	30	72	35	58	64	90	92	6	54	74	61	59
63	57	81	18	8	5	46	45	48	7	58	9	72	96	70	86	25	43	76	33	52	56	83	4	14	54	1	98	74	37	44	78	87	40	93	11	62	92	64	66	50	35	31	85	30	29	6	97	34	13	51	23	10	2	22	28	12	21	88	41	67	24	49	60	80	59	90	26	53	19	79	15	89	61	65	16	17	20	39	73	32	99	69	42	3	27	68	55	71	84	38	77	94	91	47	100	95	82	75	36
13	97	24	66	81	32	43	8	98	70	38	40	57	84	6	72	67	71	49	93	69	3	15	89	85	52	21	51	34	74	36	59	92	78	47	64	58	86	87	33	100	60	16	91	31	61	7	12	44	53	18	28	99	23	50	75	90	68	10	20	5	9	54	14	19	45	88	30	77	80	41	2	37	46	39	65	76	35	95	79	48	22	62	73	96	94	29	63	4	1	83	56	27	11	25	82	42	55	26	17
8	35	90	47	65	62	43	3	2	81	44	77	17	41	98	22	19	83	30	10	42	46	58	5	92	26	38	25	20	49	68	88	93	16	32	63	56	96	95	70	24	85	78	55	15	71	39	31	7	87	53	37	34	89	50	99	40	61	29	33	66	100	14	91	11	12	13	82	75	21	97	74	79	59	64	86	1	27	72	67	94	18	80	54	36	9	51	69	52	76	57	48	84	60	4	23	28	45	6	73
88	42	35	55	44	86	61	67	32	58	63	87	100	12	68	84	72	47	54	18	40	82	95	73	7	27	13	45	98	2	30	21	62	59	52	16	28	46	96	94	37	78	17	29	19	26	81	53	65	14	50	31	80	99	8	60	33	48	66	49	1	6	23	39	85	22	76	9	91	74	41	70	83	71	79	36	97	69	90	5	43	57	25	51	75	56	77	64	20	4	15	92	3	11	93	34	10	38	24	89
36	55	40	88	56	81	76	50	62	96	43	8	69	20	1	37	44	46	18	77	73	28	59	41	24	89	72	67	11	86	60	94	58	48	35	34	3	71	91	92	90	74	19	61	100	13	45	49	16	29	83	22	53	10	25	38	7	95	75	27	63	68	97	47	21	32	93	98	23	33	9	64	15	85	57	82	30	17	79	26	99	54	65	80	84	51	12	2	52	5	31	6	42	4	70	87	14	78	39	66
31	70	91	5	81	87	79	24	4	59	28	82	92	39	75	96	93	18	37	99	20	100	13	55	48	57	62	90	44	32	25	3	40	15	68	74	78	36	58	8	61	10	1	72	73	56	33	97	46	88	9	22	50	54	12	69	19	67	45	34	41	23	89	27	66	42	30	38	80	26	65	17	16	47	6	83	84	53	76	64	51	60	95	77	29	7	2	43	86	11	52	94	85	35	49	98	71	63	14	21
70	13	56	39	18	64	78	4	26	11	82	47	87	51	20	45	81	79	76	54	25	97	34	90	21	91	84	27	35	75	16	95	7	32	89	48	5	93	85	22	63	2	30	67	62	43	17	42	98	10	69	65	36	9	55	23	6	92	72	60	19	61	40	52	15	80	74	1	100	38	88	58	12	99	28	50	57	31	73	14	66	94	53	49	83	41	29	71	59	68	8	86	24	77	96	3	33	46	37	44
1	62	3	88	34	50	35	4	52	100	96	93	51	92	75	94	48	70	57	16	19	77	21	76	13	7	74	44	32	46	30	31	28	64	15	41	63	60	9	71	6	40	72	42	45	29	10	53	73	54	69	65	8	2	24	25	84	80	56	68	98	89	18	33	83	87	36	22	11	17	27	66	23	59	55	12	37	49	90	85	95	79	58	97	43	91	61	86	14	26	38	47	78	99	82	81	5	20	39	67
24	56	98	5	2	77	46	73	21	28	71	37	44	96	63	8	82	42	32	47	59	97	64	58	18	94	81	79	69	27	38	52	39	51	41	6	13	89	25	35	53	84	61	90	68	60	43	14	36	10	93	70	83	1	67	78	22	87	92	88	54	29	7	95	11	86	19	45	76	50	91	9	34	74	85	55	100	23	75	4	31	15	72	20	49	3	40	99	65	57	30	17	66	16	26	80	33	12	62	48
13	18	80	41	81	35	93	63	27	77	66	98	51	69	5	91	48	26	97	89	83	31	94	62	22	85	33	38	74	47	14	50	36	12	43	61	92	67	7	15	21	100	2	90	29	71	24	20	84	70	9	57	32	72	37	19	76	3	6	60	75	42	68	46	40	73	95	45	17	23	59	39	11	44	78	79	82	96	49	55	58	10	52	54	53	99	87	28	8	34	64	56	1	65	88	30	25	16	86	4
28	43	100	64	83	16	19	41	89	53	82	74	47	65	27	99	14	69	3	88	62	67	12	23	90	9	93	91	20	57	7	68	84	29	52	58	70	36	1	94	37	96	46	13	72	48	98	78	45	95	44	79	56	15	59	18	8	26	97	35	81	92	80	55	24	6	87	85	11	54	63	2	30	50	5	33	34	38	61	76	66	40	73	51	42	25	31	49	75	39	10	71	22	60	77	17	86	21	32	4
82	87	65	10	72	34	19	80	98	44	22	40	95	1	77	97	35	17	89	100	94	49	61	6	62	91	51	92	71	13	85	52	46	24	23	21	41	70	31	64	55	29	25	50	60	54	48	2	66	3	4	86	38	12	45	20	69	14	36	57	74	33	30	5	83	67	18	15	96	43	68	53	9	76	73	39	84	81	11	32	56	42	79	26	37	93	75	28	88	78	8	47	59	16	7	63	58	99	90	27
98	30	96	25	18	71	27	33	20	6	95	13	85	90	7	47	94	57	46	24	17	8	38	54	32	48	84	82	83	81	39	91	26	21	74	86	5	51	69	87	70	65	52	14	37	73	4	43	10	58	3	36	64	31	11	2	50	76	80	1	60	42	97	100	68	92	29	16	63	49	66	79	44	62	93	56	34	78	40	61	23	12	77	22	67	75	72	88	19	45	53	9	15	59	35	28	89	41	99	55
47	99	53	71	66	81	15	26	74	2	37	55	30	83	52	65	79	11	28	45	19	89	25	21	5	58	59	56	14	18	54	13	31	87	16	8	46	29	67	86	41	95	90	44	96	33	69	98	75	63	64	38	1	73	68	40	24	80	88	61	77	76	72	48	84	7	3	49	93	36	42	100	60	94	91	43	22	17	51	9	62	57	10	50	6	39	32	78	85	23	70	92	27	97	20	34	4	35	82	12
54	18	5	50	40	42	71	2	89	33	13	75	8	31	56	43	74	83	38	16	29	59	90	35	15	39	27	98	76	88	58	96	37	78	60	44	1	63	3	92	11	45	69	84	6	100	72	17	36	7	51	26	55	25	97	24	20	61	28	66	86	21	48	91	93	23	32	64	12	10	62	67	65	49	85	9	70	46	47	30	77	94	4	14	79	81	87	52	57	22	99	19	34	82	41	95	53	80	68	73
51	95	98	96	50	8	24	47	42	23	97	52	2	56	7	1	85	27	20	37	94	54	15	26	35	81	72	87	28	45	9	90	44	13	99	16	89	10	38	41	29	86	18	79	58	25	65	11	73	71	91	74	63	14	80	17	92	21	61	59	4	3	48	39	83	36	57	43	88	34	30	100	19	12	55	93	31	78	62	32	77	22	69	84	49	53	33	46	5	75	70	64	76	67	6	60	82	66	40	68
63	35	99	57	42	4	88	9	40	92	20	3	25	31	13	74	26	77	6	79	19	87	11	28	27	33	66	38	24	47	14	21	100	41	86	58	85	55	7	51	10	30	43	95	61	37	73	78	46	39	89	5	97	94	23	44	53	29	34	16	68	84	81	69	48	64	83	67	12	1	2	70	8	90	76	52	93	59	71	65	56	22	91	45	17	60	18	80	32	62	96	72	49	54	50	75	15	36	82	98
34	100	24	35	29	92	18	90	95	53	72	50	47	3	12	21	37	42	59	86	43	9	69	48	44	30	27	88	55	61	74	85	65	63	67	4	49	22	15	99	19	82	57	87	80	68	66	45	10	2	56	7	25	71	31	77	23	91	6	58	62	52	39	20	8	17	14	78	40	84	32	33	73	54	96	79	5	94	1	46	81	13	11	16	60	83	93	98	28	38	26	64	76	75	89	51	41	70	36	97
88	33	84	77	35	71	60	31	80	4	27	62	100	69	47	91	96	41	61	2	73	39	30	17	97	54	29	46	89	22	52	95	86	16	53	1	10	51	74	93	25	23	15	87	72	75	79	50	70	5	90	26	45	28	66	64	7	6	12	81	78	13	67	42	58	43	82	38	48	85	63	76	32	40	68	65	55	11	49	57	83	99	8	92	44	98	9	20	56	94	36	3	59	37	19	34	18	24	21	14
35	39	91	88	53	64	50	68	42	13	81	46	80	43	59	97	52	32	89	7	77	29	60	25	33	83	71	48	38	75	51	82	85	17	92	40	11	8	26	24	96	73	19	3	16	21	69	15	36	23	87	22	95	56	100	55	93	28	79	34	2	99	37	84	76	4	86	94	72	98	61	12	10	65	1	5	20	47	90	62	70	18	54	45	67	14	41	49	78	58	9	74	57	6	27	31	30	66	63	44
14	56	9	97	37	28	32	86	96	23	92	52	94	45	95	79	80	43	40	55	30	44	63	84	25	85	99	90	82	22	65	10	1	3	98	7	13	4	16	93	76	75	57	61	59	11	72	26	53	2	27	29	74	6	73	15	50	69	54	83	49	39	67	89	18	68	51	100	36	38	60	21	41	62	5	77	35	8	17	64	24	78	58	19	47	88	34	91	48	31	66	87	71	46	42	81	33	20	12	70
47	65	70	99	54	30	78	94	46	41	34	75	12	52	11	95	13	84	80	7	6	97	16	43	42	24	10	29	73	32	63	88	1	35	56	58	26	3	92	82	98	9	61	8	39	100	33	22	18	59	79	20	62	21	27	45	74	51	55	14	28	15	91	2	64	85	49	37	17	83	25	71	36	81	87	93	96	5	40	68	60	57	19	38	67	90	50	89	4	23	76	31	53	48	44	77	69	86	66	72
60	88	35	22	89	83	32	13	38	71	91	49	10	73	81	84	69	94	96	66	53	62	86	28	59	58	70	39	14	4	87	9	48	63	33	12	56	37	42	100	90	11	67	15	16	1	50	2	65	19	57	68	54	44	3	27	99	78	23	21	61	93	85	46	55	77	80	45	98	26	8	25	75	5	43	6	95	92	51	18	52	36	41	97	82	24	7	29	76	17	72	79	34	20	30	31	64	40	47	74
7	38	46	62	57	68	47	40	84	42	83	20	74	34	82	76	11	67	5	79	39	12	81	91	60	45	16	19	6	66	37	52	98	1	69	27	2	36	55	41	17	71	8	88	87	35	97	72	73	77	49	14	23	4	58	22	80	31	26	100	78	21	54	13	9	89	64	48	15	44	94	29	85	53	61	18	70	59	65	32	90	33	10	25	3	95	93	56	24	92	43	96	75	51	30	50	86	99	28	63
41	17	92	10	46	56	39	50	49	38	29	33	83	85	88	18	77	90	6	53	15	31	84	36	78	93	82	73	24	69	21	4	62	7	22	5	51	57	32	64	9	3	47	34	76	91	100	52	8	25	86	71	27	87	72	45	61	19	44	13	59	98	40	75	42	65	30	48	55	95	23	20	11	99	35	37	96	80	67	66	28	63	94	58	89	12	54	68	81	14	74	16	1	79	60	2	43	26	70	97
77	52	7	59	50	46	1	93	40	86	61	98	23	39	58	75	69	81	87	34	91	68	60	95	28	100	73	19	35	3	30	55	96	24	97	10	56	79	42	22	80	41	45	67	4	20	27	74	12	64	94	89	72	13	63	5	51	54	17	37	18	66	99	47	71	29	38	53	90	14	16	65	84	62	88	6	43	21	92	15	70	8	44	36	11	76	2	48	85	9	49	25	31	32	26	82	78	57	83	33
60	58	1	72	39	37	19	47	66	17	61	30	77	98	89	65	44	8	32	87	93	75	2	54	78	69	70	42	26	96	88	82	59	18	62	14	24	83	36	13	15	99	90	63	45	50	3	84	80	9	11	85	55	4	35	21	86	48	46	33	74	57	43	73	28	12	10	20	51	22	34	27	25	16	38	31	92	29	76	81	6	56	67	68	95	40	94	71	64	49	7	23	100	91	53	5	52	97	79	41
73	94	82	43	92	42	49	64	57	22	85	16	99	52	41	59	30	29	18	21	89	90	28	98	91	34	96	5	60	63	75	23	66	46	25	13	26	100	68	15	48	45	69	9	80	40	37	33	56	77	70	3	67	1	6	76	4	84	39	2	71	93	65	17	83	58	7	32	19	88	44	36	47	31	95	24	50	79	53	78	11	87	55	97	74	27	51	8	12	81	20	86	62	54	38	14	10	61	35	72
24	13	91	62	77	76	14	96	37	27	28	2	59	45	43	94	86	17	48	29	79	38	4	78	85	64	44	40	54	53	70	18	31	95	56	75	93	52	26	15	6	51	21	9	66	30	25	97	67	49	11	5	35	58	73	33	10	84	100	80	16	55	12	8	92	57	20	46	23	41	69	32	87	82	98	1	60	89	83	74	90	63	22	50	61	3	36	65	88	47	7	71	99	72	34	68	39	42	19	81
69	42	63	57	30	61	47	54	26	46	76	45	15	37	27	13	9	7	3	6	16	94	100	33	10	79	83	40	86	72	92	29	31	90	44	91	89	60	98	82	80	52	75	34	11	25	19	28	39	77	36	20	4	1	65	87	24	51	5	70	22	21	41	2	35	32	58	66	59	78	56	62	8	43	18	88	12	50	55	96	81	68	85	14	17	95	23	99	53	93	74	49	64	48	71	67	84	73	97	38
74	29	19	44	26	38	99	33	71	39	47	16	53	88	82	58	42	36	17	75	55	7	1	64	48	25	5	70	69	62	83	65	43	63	46	15	77	57	92	35	95	56	14	94	3	93	91	90	30	32	9	66	80	87	59	27	31	23	2	86	68	61	96	8	34	10	51	4	98	84	50	45	6	21	20	40	100	60	41	85	11	67	79	54	37	28	78	76	22	24	81	13	89	97	18	49	72	52	12	73
91	43	55	28	97	33	37	69	42	93	74	92	10	62	64	98	9	51	87	57	63	60	70	3	2	54	94	88	72	80	85	5	67	83	84	82	59	26	1	89	39	4	65	75	8	81	68	24	30	35	41	50	46	52	79	16	34	86	47	77	95	90	71	45	21	99	25	36	61	56	49	78	66	31	48	17	53	19	18	38	73	12	15	14	44	96	58	27	6	7	32	23	100	22	76	20	40	11	13	29
