100	100
21	35	36	14	35	19	11	32	40	30	21	22	36	20	21	32	34	17	11	31	23	40	18	25	35	37	28	37	33	13	13	39	12	30	37	16	19	25	12	40	21	35	38	18	35	22	12	38	26	27	16	31	28	32	25	31	39	34	33	11	11	20	29	31	16	35	35	18	16	40	25	12	28	12	32	32	34	21	22	39	15	14	38	27	27	11	27	29	29	22	34	11	24	16	27	40	12	31	28	39
29	13	39	15	37	19	23	27	38	21	33	27	15	38	28	32	28	35	19	18	40	11	27	20	12	26	34	39	35	34	22	31	21	27	27	23	15	23	23	38	30	27	35	13	18	29	12	14	24	29	31	12	29	13	34	14	31	28	33	39	22	18	36	12	22	11	39	39	39	27	38	32	22	19	31	19	35	25	23	30	15	20	37	29	39	16	31	34	20	21	28	20	11	24	23	18	39	15	40	21
19	39	37	35	31	23	28	31	11	32	33	18	39	11	34	35	12	39	32	30	37	26	39	22	33	20	39	28	30	18	24	15	20	24	24	11	35	39	26	15	34	21	35	32	17	34	39	23	39	26	25	21	22	14	32	39	28	19	36	13	22	36	35	36	38	15	32	40	11	35	24	18	12	13	32	13	37	25	40	21	18	23	22	33	18	36	28	32	18	23	23	32	20	18	39	13	26	33	24	15
19	37	31	20	30	19	16	33	23	37	14	35	31	13	22	34	34	29	29	11	18	37	32	11	25	37	30	37	14	16	32	25	31	37	34	24	23	29	13	39	17	17	30	39	24	33	18	24	18	11	39	23	19	36	15	21	32	15	40	37	32	23	11	14	24	32	15	13	40	16	40	28	18	20	17	38	24	11	12	18	11	14	34	40	36	30	37	25	16	33	23	22	12	26	32	14	17	25	26	35
25	22	16	33	26	34	27	39	13	12	17	29	38	29	40	32	37	23	34	28	15	18	21	36	14	28	21	13	30	12	32	31	25	32	25	37	29	23	15	28	14	13	23	28	21	39	15	32	19	30	12	29	17	16	34	28	38	22	14	21	36	30	32	27	18	13	23	17	37	27	38	12	11	15	33	25	16	17	21	15	36	34	24	11	31	29	21	35	36	23	38	23	19	22	29	26	35	40	37	35
37	15	39	35	11	31	34	21	20	16	38	25	39	20	33	40	31	17	23	38	30	11	33	30	12	15	22	25	25	28	32	28	19	36	14	11	23	12	31	19	22	32	23	31	14	32	40	11	35	21	18	31	14	14	33	28	34	20	12	26	24	25	39	29	39	24	23	27	18	28	16	13	13	12	30	37	22	31	39	30	37	19	25	27	33	35	14	36	34	12	35	39	29	23	21	35	23	11	15	19
19	33	31	25	22	30	11	23	23	15	40	27	32	37	29	13	17	29	11	31	12	32	16	33	32	36	16	24	38	40	25	31	26	36	25	33	29	12	12	31	35	35	24	34	32	35	18	25	12	36	31	40	17	30	37	33	28	40	24	33	26	19	26	22	11	33	12	40	37	31	31	35	18	19	22	11	29	24	17	23	11	14	19	27	26	30	35	23	12	32	38	29	19	30	30	32	29	17	20	29
22	12	39	23	31	29	36	36	11	26	22	19	30	12	40	29	40	13	22	12	16	38	19	21	14	31	38	30	15	17	13	17	15	31	12	21	18	23	12	22	11	14	36	33	11	20	38	17	28	39	11	13	40	11	28	23	35	25	31	23	31	36	22	25	36	39	24	33	15	39	12	12	32	32	28	23	40	17	38	33	31	34	18	37	35	13	32	32	14	20	35	39	35	24	11	37	29	34	34	38
17	26	12	37	38	22	14	15	13	21	11	12	24	16	25	38	28	12	26	30	35	28	26	24	33	15	11	31	33	36	24	13	20	28	38	28	28	39	25	17	35	14	29	21	36	24	16	20	14	29	24	33	28	14	29	20	36	23	40	22	22	23	30	14	34	12	30	39	34	25	30	17	19	32	21	26	25	11	11	32	32	15	37	35	34	24	33	24	40	12	21	31	32	28	33	22	38	17	28	17
16	23	14	29	14	31	38	35	23	24	22	15	13	33	27	13	36	25	11	35	28	22	38	18	39	13	17	12	25	26	32	27	17	33	32	18	11	24	33	23	14	20	40	21	12	34	33	29	22	32	39	24	14	20	37	33	26	29	39	12	28	37	14	17	32	27	34	39	29	26	29	26	20	24	33	38	23	24	13	15	30	15	29	29	23	38	32	30	31	14	17	28	21	38	34	12	15	25	17	17
24	36	23	25	33	26	26	21	20	24	25	29	39	24	25	15	35	32	36	31	16	37	34	21	26	14	19	35	22	25	36	14	26	17	17	22	24	34	14	37	28	21	24	32	25	11	16	33	39	24	20	35	17	39	37	30	20	23	31	18	26	13	23	20	31	11	27	20	11	36	12	29	31	13	33	27	19	28	39	31	23	15	21	22	36	27	26	31	33	18	31	16	28	28	33	16	16	33	12	11
31	36	31	20	37	36	24	27	20	38	23	16	14	18	13	33	24	39	23	39	12	24	16	25	19	33	19	20	39	16	13	24	12	14	19	14	26	21	34	18	33	29	39	32	22	16	22	23	37	19	31	28	28	12	14	13	21	31	18	32	33	30	30	39	24	19	27	11	32	40	17	31	13	12	18	32	23	33	19	17	36	27	38	36	39	33	34	12	23	22	33	18	18	35	27	18	25	40	26	32
13	26	20	15	28	37	33	32	12	36	33	13	38	34	24	20	30	25	27	21	14	11	25	35	25	23	25	20	24	22	17	11	29	25	18	23	34	39	18	19	11	23	28	35	13	30	27	25	40	24	22	18	11	18	40	24	39	29	39	11	18	35	23	33	17	39	20	20	33	36	23	40	39	18	23	28	39	19	24	21	33	14	22	23	27	35	25	28	18	23	20	13	16	25	37	18	28	31	25	28
15	16	34	34	17	19	27	36	11	27	29	22	30	39	31	14	40	21	21	14	39	12	37	23	29	17	36	38	25	24	23	20	26	17	30	13	28	31	24	40	29	14	11	28	12	22	13	34	27	33	24	30	15	34	24	23	24	38	30	39	36	15	40	26	19	27	27	26	19	12	12	23	39	37	12	19	21	25	32	11	25	21	33	24	38	23	40	16	17	28	40	26	25	24	28	37	27	21	33	21
22	14	29	39	33	29	13	13	28	25	34	32	15	38	17	25	13	34	27	31	37	35	19	30	32	15	19	20	29	23	39	28	20	16	20	38	18	35	22	25	20	29	26	19	37	20	20	27	29	33	37	28	39	18	30	37	36	32	38	19	25	17	33	37	24	34	14	15	28	35	38	12	19	21	33	18	13	11	34	23	24	29	37	22	13	14	38	24	25	31	37	25	15	22	17	31	36	30	13	31
14	25	14	24	39	15	34	29	14	31	23	33	14	25	18	25	11	13	29	37	32	35	31	32	18	18	26	36	37	16	13	36	15	17	34	27	25	25	25	11	18	14	37	12	17	39	38	16	25	11	40	21	26	21	19	12	14	15	26	26	22	14	20	11	26	24	19	21	11	37	14	15	29	37	25	21	13	25	26	19	40	16	38	12	13	21	26	29	28	19	22	32	39	33	18	29	33	18	24	19
21	13	29	27	32	24	37	22	32	15	37	20	29	29	28	11	37	16	29	29	33	22	20	26	22	13	32	30	39	18	38	40	21	24	34	12	29	36	24	37	33	16	37	22	38	35	11	19	35	27	38	26	11	14	22	25	17	26	11	18	22	28	15	21	27	22	22	20	21	36	37	36	39	34	38	30	28	20	31	21	26	16	19	17	12	33	30	29	29	36	30	16	17	15	27	29	39	19	30	11
39	36	24	36	17	30	22	35	40	36	35	32	35	38	11	18	11	36	33	17	11	16	30	32	39	38	21	23	16	14	18	11	13	37	32	26	38	25	39	20	39	40	33	21	17	37	26	39	12	19	26	16	39	20	22	37	19	18	35	37	13	31	11	21	28	17	12	17	32	31	30	35	14	34	38	35	17	23	11	18	37	34	38	21	30	26	19	23	25	35	19	14	28	26	12	20	11	14	34	25
29	13	39	20	26	12	35	12	28	21	16	27	30	28	21	27	13	26	24	35	19	38	11	39	32	31	35	29	30	34	17	39	23	22	20	14	40	37	23	35	18	29	17	31	36	17	39	25	38	18	28	15	35	19	33	29	22	22	20	38	25	33	30	12	31	38	17	30	34	29	20	28	40	40	36	21	32	36	14	39	33	18	14	39	39	17	37	37	21	21	30	35	36	19	40	14	40	24	13	12
19	21	28	25	12	16	34	22	34	27	39	25	32	11	13	33	38	20	14	31	26	19	16	28	26	11	17	22	28	32	13	16	29	26	37	21	27	31	31	23	19	26	36	14	23	11	20	22	21	38	28	39	17	17	34	25	28	12	14	15	36	18	32	25	19	39	22	14	22	34	22	33	13	34	19	39	23	20	26	13	19	11	15	15	38	33	13	29	25	30	17	17	35	27	34	26	34	11	30	22
23	26	40	38	24	15	22	24	18	36	19	36	37	36	25	12	20	20	16	26	40	21	28	11	39	36	39	36	33	39	31	21	13	37	21	17	33	20	30	37	24	23	39	34	17	13	24	33	18	11	19	39	31	34	12	24	22	25	37	18	12	23	28	38	34	35	28	11	26	23	19	15	17	15	28	28	18	11	25	35	24	35	12	18	22	19	12	17	34	27	29	40	15	20	12	14	29	16	15	11
24	36	11	16	13	27	11	13	36	14	21	31	25	26	30	39	33	29	36	22	14	27	39	34	29	19	16	36	16	20	30	36	33	31	29	37	31	15	40	32	24	25	32	38	19	34	38	34	16	23	11	29	26	15	28	22	15	20	13	35	15	15	34	28	14	39	40	35	26	36	31	14	23	27	18	30	36	35	39	21	18	37	36	14	17	31	22	15	38	20	34	32	40	39	25	22	12	22	26	40
37	16	11	33	33	20	14	26	27	36	30	28	14	19	15	40	32	19	24	33	12	34	36	18	18	29	21	17	32	33	23	21	13	12	13	40	18	21	27	32	20	28	32	40	30	23	25	32	21	36	40	12	25	21	40	37	25	13	12	25	33	30	22	29	18	12	40	35	20	17	39	22	25	14	23	12	11	14	20	27	25	38	13	38	14	21	36	30	39	40	32	30	31	12	15	21	25	16	19	40
24	36	40	33	20	12	33	35	27	34	16	34	22	17	30	30	40	28	25	32	34	27	27	38	13	40	15	12	14	31	16	38	33	38	36	16	33	15	24	37	21	33	12	20	17	38	12	27	28	35	18	36	28	26	11	29	26	25	21	30	37	38	34	28	19	32	39	34	27	14	36	22	39	12	14	19	36	20	26	37	16	13	13	36	26	12	18	29	38	16	14	25	22	11	32	38	27	29	26	23
39	40	34	22	32	11	28	17	26	30	39	16	28	31	25	12	29	14	23	15	29	23	35	26	14	34	31	38	17	23	22	17	35	33	36	30	39	12	29	16	30	21	40	36	29	12	29	34	40	18	30	37	11	37	17	39	24	15	15	13	38	22	23	27	24	25	18	23	14	13	27	25	18	28	39	38	27	27	32	14	24	38	16	23	16	20	38	27	40	28	35	32	35	29	31	26	22	34	28	13
23	29	38	13	15	37	12	14	22	29	40	11	39	28	27	19	13	19	25	38	24	19	30	23	35	27	40	24	11	24	23	16	16	36	25	23	14	32	21	25	36	30	19	15	33	17	29	29	27	27	29	31	35	14	12	24	38	15	15	23	24	30	39	35	38	24	16	23	23	25	38	25	11	14	31	17	21	24	33	30	17	33	24	37	16	13	21	29	15	36	22	25	27	37	19	25	35	29	38	20
36	27	15	28	19	29	23	27	14	34	39	18	37	36	11	15	19	19	31	15	17	27	14	21	13	15	33	31	33	36	13	23	40	21	39	25	35	29	27	12	26	23	36	12	15	15	33	39	40	27	18	33	11	21	28	27	32	15	16	24	13	27	13	22	35	17	24	36	37	36	39	40	18	19	36	27	32	12	37	29	16	34	11	22	15	29	27	22	13	12	15	18	21	14	13	14	23	15	37	29
16	22	40	31	25	18	16	35	22	16	40	35	33	30	32	15	22	29	25	26	27	37	11	16	15	13	30	22	26	21	40	38	34	19	12	15	38	20	32	26	11	37	15	26	34	24	34	22	34	26	30	19	35	18	15	14	14	38	19	38	16	13	12	21	22	28	33	17	26	26	12	39	33	28	39	13	40	22	33	34	22	28	22	39	31	40	11	36	14	35	15	34	23	12	38	22	22	29	20	22
12	35	29	17	24	14	37	12	29	31	13	36	33	17	35	29	39	28	12	35	39	15	32	28	22	33	13	27	22	36	19	24	35	17	28	25	39	32	36	38	16	20	19	14	21	33	37	38	37	11	22	14	25	40	40	32	12	17	12	26	20	14	31	32	21	19	13	27	23	36	27	12	11	36	32	32	12	37	23	34	18	36	32	34	32	16	16	28	38	17	37	16	22	18	21	12	11	12	30	34
28	27	19	19	39	33	20	13	13	22	27	23	37	12	18	13	12	27	28	39	25	16	40	15	34	32	33	35	26	16	12	20	19	26	21	31	16	31	13	35	16	25	35	29	34	32	12	39	23	22	32	21	14	17	25	19	22	34	24	19	18	23	25	12	29	12	39	35	28	27	26	19	38	29	17	21	16	34	38	22	20	13	25	13	21	37	20	39	38	37	33	12	32	24	35	25	21	11	17	15
40	12	12	32	20	22	13	22	26	27	34	19	30	12	19	31	23	23	32	23	12	36	16	40	18	30	32	12	14	23	37	14	21	35	21	23	14	16	40	23	35	27	30	14	22	27	38	12	11	33	34	27	20	32	40	36	30	23	36	20	39	38	19	22	28	19	36	39	32	38	18	37	28	33	21	38	39	23	11	23	27	23	11	23	18	40	27	25	23	37	18	24	20	27	17	34	37	40	18	16
20	16	24	30	31	13	37	35	21	33	39	23	29	15	36	14	24	22	13	34	14	34	34	32	18	23	31	13	11	16	26	37	29	19	14	40	36	24	33	18	34	37	17	21	20	39	22	18	20	13	20	15	13	38	33	21	21	40	23	24	34	20	11	37	23	29	28	14	27	30	20	28	21	14	22	40	27	19	26	19	34	11	30	16	38	18	20	12	22	40	12	25	24	21	26	25	31	20	35	17
12	26	34	13	31	34	32	24	14	17	13	19	16	23	23	19	18	25	40	26	40	20	11	25	28	24	30	17	30	33	34	27	12	21	17	40	15	36	16	37	37	26	21	31	17	37	22	39	13	15	20	22	12	17	17	21	20	30	28	21	39	30	15	38	29	17	21	34	25	20	19	34	33	29	22	14	32	26	38	14	35	36	27	16	28	12	32	16	34	25	16	27	30	24	23	14	11	21	40	34
22	17	35	12	19	30	19	24	14	15	25	11	31	34	20	30	20	32	39	36	37	14	20	15	18	18	40	20	28	16	15	38	40	24	11	40	27	28	31	29	32	30	14	38	20	31	24	29	12	18	19	22	39	35	13	14	13	20	25	33	35	39	14	11	19	19	39	34	37	12	34	31	13	27	11	34	30	39	19	36	27	23	34	18	25	15	16	37	40	38	18	19	22	15	29	11	34	28	32	27
24	38	19	27	26	14	40	26	21	40	26	33	38	21	28	38	14	18	13	27	32	18	23	33	31	34	13	25	31	24	29	37	20	24	24	28	34	35	33	21	16	29	40	13	33	25	15	38	21	24	31	23	25	23	36	18	31	17	11	24	21	27	24	37	37	38	26	24	19	34	37	28	20	11	11	13	11	31	14	19	27	28	22	33	32	13	20	18	11	40	12	14	19	19	17	20	30	37	27	35
27	35	26	15	29	36	20	25	25	21	29	16	20	16	28	22	38	15	20	27	17	30	27	23	18	33	13	32	25	15	40	21	29	26	21	15	29	31	26	25	27	11	18	32	37	31	16	29	34	27	22	18	25	24	26	37	27	30	28	36	21	38	15	37	15	36	20	30	33	14	31	14	32	30	20	34	19	16	19	31	21	34	29	28	16	21	25	21	21	11	21	20	19	11	35	14	22	14	25	32
21	13	29	26	38	20	23	32	21	12	28	29	36	27	38	20	13	27	28	21	20	26	30	19	11	30	16	38	24	33	30	27	34	31	26	20	29	23	39	35	18	39	31	27	38	15	33	33	18	40	26	18	22	29	31	27	25	37	12	23	17	20	33	13	17	39	19	40	24	21	30	36	34	31	15	15	27	26	27	32	24	40	31	22	39	13	20	12	16	37	20	36	35	27	11	19	23	38	11	31
26	25	23	37	30	21	15	28	16	40	30	22	19	35	28	11	40	12	12	22	39	13	29	15	19	20	22	22	33	32	33	26	14	25	30	33	35	14	38	11	31	35	27	30	33	17	32	17	16	33	40	31	24	20	24	21	38	31	18	35	18	16	37	18	30	15	15	29	16	38	34	29	31	40	20	38	37	19	11	33	12	11	39	12	20	33	25	30	36	39	29	36	20	35	15	39	37	27	26	32
25	16	28	12	33	19	15	32	14	17	17	22	40	24	35	35	39	35	29	39	14	19	33	33	38	36	14	32	12	36	19	34	39	35	29	39	16	25	32	31	25	27	39	11	29	13	13	24	35	40	35	38	17	35	11	31	31	19	34	34	15	35	18	36	27	37	37	25	34	33	26	38	33	19	30	26	32	30	18	36	23	23	32	26	25	28	31	12	14	24	27	31	11	39	13	12	35	17	28	17
36	14	23	39	25	15	16	24	25	20	27	19	15	26	33	11	36	16	32	29	22	27	31	19	21	37	21	29	17	27	22	13	37	25	33	23	30	24	32	26	25	33	20	22	24	12	39	34	21	28	17	17	19	14	11	20	36	18	13	23	38	13	36	16	11	19	36	35	19	19	35	27	24	26	11	29	14	24	17	27	22	39	33	26	11	32	14	14	13	30	33	28	15	11	17	30	36	38	35	36
28	26	16	39	33	39	27	25	26	29	22	29	17	40	20	15	32	25	32	32	14	32	27	24	32	25	11	39	29	14	12	39	35	18	25	31	35	37	15	20	17	20	39	32	20	37	27	11	25	28	22	17	25	23	38	29	36	12	26	30	36	19	16	20	14	32	31	29	38	21	26	22	14	19	14	34	36	29	39	28	24	34	26	11	17	24	22	16	35	18	30	18	29	33	38	20	18	39	15	15
16	20	37	14	38	19	28	20	13	15	35	15	19	36	13	21	14	37	27	16	20	19	36	13	30	35	25	17	22	23	31	20	27	40	35	12	17	23	16	26	29	20	37	26	17	21	37	27	22	17	17	11	12	11	26	12	36	36	22	23	33	26	34	14	12	23	38	23	18	13	16	21	22	26	16	38	30	40	24	21	27	39	32	24	11	11	38	24	17	18	23	22	21	26	14	33	28	33	37	14
24	36	19	14	22	34	37	25	26	26	28	29	19	32	39	35	27	14	16	30	28	22	30	38	27	24	29	38	38	29	22	23	27	20	25	40	18	11	34	23	17	24	33	29	29	23	15	21	20	33	37	35	37	17	36	18	39	15	16	12	36	31	20	24	13	36	32	23	27	14	21	38	21	21	30	36	20	14	13	20	19	23	18	39	14	24	17	32	39	31	31	27	37	27	12	36	36	26	19	15
24	22	15	40	13	36	36	32	18	29	36	25	28	25	15	35	12	17	29	30	34	32	40	39	24	14	22	20	40	16	32	25	26	15	33	19	40	40	26	18	29	33	23	13	16	18	26	36	24	27	36	40	14	33	20	30	16	29	12	26	11	39	23	27	24	22	13	11	17	21	38	39	37	16	33	20	40	39	31	39	38	18	15	30	27	37	26	28	22	30	17	31	36	37	36	40	11	18	39	31
26	34	25	20	36	14	32	19	13	27	15	12	20	33	34	28	27	23	30	22	18	32	33	17	25	20	18	22	28	25	23	17	17	23	21	38	27	34	25	25	23	21	28	37	11	24	40	34	36	39	30	33	11	29	34	19	12	40	21	26	17	20	26	38	24	18	23	29	36	37	31	37	17	31	36	25	28	29	32	23	16	27	29	38	20	22	36	13	16	14	34	11	19	22	30	23	34	24	37	37
36	16	28	21	29	38	35	12	39	29	18	25	32	28	15	28	15	23	33	15	40	29	32	32	15	13	11	28	33	19	12	16	26	28	21	19	38	37	16	27	11	22	29	25	25	17	12	32	30	30	36	14	13	14	40	39	18	37	30	19	29	21	31	35	14	30	24	34	33	15	16	18	12	30	29	34	14	20	31	26	13	21	21	26	39	16	25	35	29	40	33	13	19	29	12	29	30	24	18	33
27	14	25	21	14	13	20	33	15	25	23	15	36	39	25	37	11	17	31	20	17	29	12	25	21	21	40	37	15	13	32	22	32	39	35	32	16	21	27	24	14	27	31	24	22	21	34	14	26	36	14	34	15	32	36	31	13	38	12	24	34	32	15	27	13	31	16	21	27	34	29	15	40	23	19	20	19	13	11	22	15	11	28	40	21	17	15	12	22	37	26	36	33	29	27	36	33	14	37	22
21	23	23	35	24	36	11	26	36	34	21	18	32	24	23	20	27	31	15	38	16	18	26	38	35	38	23	38	26	19	20	20	24	31	11	14	36	33	40	26	18	34	32	30	40	34	24	35	13	35	29	33	24	13	35	27	15	36	35	19	27	18	13	30	37	35	38	13	30	22	39	30	20	11	17	14	26	38	34	34	22	29	22	30	11	32	11	32	29	35	38	32	25	28	40	22	21	28	29	22
20	17	27	38	29	38	13	38	24	37	38	28	34	12	12	13	34	36	39	26	14	27	36	38	16	14	25	17	25	30	25	38	37	29	22	20	22	28	32	17	20	22	29	35	22	34	23	32	19	39	18	27	33	18	33	34	34	36	26	20	15	30	29	11	18	36	17	14	37	12	27	17	28	14	33	27	38	40	26	19	21	25	20	18	36	30	16	21	11	12	35	12	25	14	11	30	34	11	25	24
25	29	23	35	36	27	11	20	25	39	14	29	19	25	24	32	31	19	30	12	14	37	34	13	27	21	40	30	15	36	12	26	14	33	16	25	38	17	20	24	35	20	25	30	11	20	30	13	22	29	24	40	12	34	39	27	23	31	24	32	25	16	40	31	39	31	34	20	34	12	12	11	36	18	39	34	25	27	40	38	22	12	24	20	37	17	16	34	40	12	20	36	16	14	21	14	17	35	28	21
16	38	18	18	17	40	27	28	11	39	14	38	38	39	12	15	40	25	24	38	15	24	12	37	30	23	18	30	36	36	19	38	38	37	18	21	20	27	31	35	23	15	37	15	38	37	29	20	34	15	30	18	39	22	14	40	38	35	13	20	36	24	27	16	29	33	34	25	22	38	25	32	17	29	16	17	35	19	28	40	27	18	36	25	16	34	12	34	31	22	20	40	11	36	13	38	37	15	14	18
25	34	18	16	33	30	35	27	24	21	21	32	16	24	17	32	13	34	35	14	39	16	38	13	39	39	27	32	14	14	13	16	29	40	19	36	31	29	35	19	40	29	34	23	24	34	18	29	38	27	23	18	17	31	34	34	36	38	22	34	39	34	13	30	34	22	19	39	18	36	35	18	24	28	18	39	27	20	33	32	38	27	18	27	30	11	19	27	24	24	32	16	40	23	13	21	36	40	25	15
40	19	22	24	24	17	23	40	31	24	18	11	20	20	17	20	34	23	34	18	20	28	36	23	17	13	36	33	14	32	36	22	31	30	39	26	36	16	33	13	27	18	34	18	22	28	28	20	31	18	25	39	33	15	33	29	16	11	35	40	40	11	39	20	33	37	32	27	37	14	30	27	37	16	30	29	38	23	15	26	40	27	38	39	23	19	22	20	28	32	23	26	12	13	29	28	35	21	21	36
16	23	28	37	17	21	22	22	40	11	16	17	29	33	32	29	23	18	27	32	15	11	15	32	16	32	39	21	24	24	23	13	26	25	39	29	29	24	24	16	26	19	12	12	29	37	18	34	15	31	29	26	32	24	38	39	35	36	39	26	21	15	14	34	27	36	29	34	11	29	11	29	38	40	25	11	18	29	32	33	17	30	29	27	29	21	30	24	15	39	37	37	38	33	21	13	30	28	34	17
16	32	26	17	24	12	22	26	29	36	28	35	33	31	15	30	28	37	24	23	33	30	32	25	27	31	33	23	19	35	37	17	37	22	24	12	17	28	35	37	40	38	31	23	29	40	11	17	21	39	31	22	21	19	29	36	32	19	27	36	19	13	17	15	26	34	23	28	20	31	18	39	20	22	24	32	30	35	37	20	30	40	14	16	37	11	36	40	20	31	40	30	31	30	34	33	11	29	14	30
26	30	38	36	35	22	12	16	18	37	32	25	23	21	26	23	29	17	26	13	25	12	11	15	14	22	35	30	40	28	18	19	19	24	17	24	24	13	12	11	32	24	22	14	21	19	40	22	39	26	36	26	23	31	34	32	19	35	32	12	37	36	20	38	35	30	19	17	16	29	23	25	30	15	12	37	33	23	25	24	26	28	25	28	34	38	19	24	19	14	18	14	34	20	29	23	13	23	36	25
40	24	22	21	28	26	36	20	13	22	23	20	13	14	15	40	25	15	24	38	26	28	20	37	23	14	31	16	32	37	20	31	20	19	19	25	34	13	27	13	33	12	19	19	38	33	12	14	37	22	14	29	29	12	37	21	28	29	17	21	24	21	39	15	21	33	13	11	19	24	21	35	15	28	17	27	24	39	23	24	12	39	23	19	38	24	40	17	21	24	19	22	36	19	37	31	36	17	30	14
40	31	11	19	14	13	40	22	31	31	23	26	18	33	31	29	23	25	17	38	16	40	25	33	27	27	18	25	17	15	34	25	21	21	39	17	27	13	39	23	31	23	32	40	37	39	30	33	37	28	32	16	32	35	14	11	35	28	40	38	20	11	19	23	11	32	40	20	29	36	32	15	36	24	39	40	23	27	36	22	30	14	22	38	27	31	29	40	18	35	31	22	28	24	17	26	16	21	28	25
21	35	31	16	40	23	22	15	39	25	31	11	28	11	37	17	28	18	28	35	33	25	22	29	28	32	27	35	22	25	17	22	31	28	13	14	13	26	35	40	16	34	37	13	36	15	37	11	13	36	23	26	30	25	32	20	22	22	23	19	24	16	13	19	35	13	22	33	38	12	31	31	21	14	16	28	36	19	32	18	22	16	14	32	26	24	22	29	20	16	38	12	18	23	24	16	35	39	19	15
31	15	11	16	37	23	11	20	29	12	39	11	37	28	29	37	19	40	39	24	36	17	21	27	30	18	12	39	37	35	24	11	14	17	19	35	37	15	37	15	22	25	16	34	19	34	33	25	37	38	12	27	16	31	29	34	32	24	14	39	40	13	32	20	16	30	29	24	22	37	32	12	29	33	32	40	12	32	37	31	37	32	13	14	28	18	36	25	31	16	13	38	28	11	39	37	22	37	16	11
29	35	18	25	39	16	28	15	27	30	33	13	23	26	27	18	21	37	30	36	23	23	20	32	35	38	35	33	13	39	23	20	28	19	11	34	15	18	26	13	12	18	14	29	18	23	15	23	27	19	29	37	19	24	25	32	22	39	37	37	21	18	12	40	24	35	21	26	32	23	28	12	27	11	14	34	36	30	40	31	25	25	13	18	12	21	20	30	12	19	21	21	33	30	24	11	18	29	19	36
26	38	39	23	22	33	32	25	35	39	21	29	38	14	32	13	13	25	37	24	13	21	27	15	17	21	34	33	18	39	20	36	25	25	27	39	11	39	31	11	33	15	35	38	30	24	18	37	32	19	14	19	16	17	11	26	39	28	20	16	11	28	40	23	40	19	31	39	23	13	34	40	39	34	34	29	30	27	38	25	23	24	21	37	35	23	31	15	15	27	27	20	40	23	32	34	36	27	27	26
20	18	33	32	14	40	14	40	35	36	21	24	13	20	35	40	36	26	21	12	18	21	19	16	16	27	11	16	40	40	24	15	21	39	39	29	28	31	25	16	36	18	25	17	26	35	30	39	21	28	18	25	40	31	20	33	29	30	18	13	35	27	21	27	15	28	26	35	32	27	33	14	19	14	19	32	38	14	30	16	36	32	15	36	27	39	22	27	30	29	28	22	32	31	21	15	25	38	18	38
36	14	17	39	37	37	34	22	14	29	25	24	20	39	25	17	22	28	32	17	15	31	15	31	38	38	12	20	28	20	32	12	11	14	35	32	15	23	11	29	22	24	30	31	20	19	20	20	20	21	39	16	23	37	32	17	35	34	27	28	29	23	29	16	12	18	26	24	36	16	21	32	15	17	14	21	15	34	30	37	29	30	35	36	40	19	16	15	30	23	20	13	19	27	21	36	14	17	36	28
29	25	21	20	15	40	25	25	35	23	12	36	15	23	19	39	14	22	15	28	38	25	34	32	39	13	37	23	40	32	22	40	32	26	38	38	36	23	39	34	32	23	21	29	37	39	11	26	14	26	19	32	21	23	33	17	34	26	38	18	32	28	20	20	37	21	18	15	34	21	33	27	29	11	12	37	29	17	39	28	36	12	27	23	21	23	29	16	37	23	18	12	27	26	40	19	15	18	19	38
25	19	17	17	30	29	39	33	28	22	17	40	34	25	26	23	23	13	25	28	35	38	29	24	35	24	34	15	34	35	24	20	31	31	13	29	11	13	23	26	29	26	11	30	27	18	16	39	32	32	18	37	37	19	30	38	26	26	35	25	12	18	36	33	18	31	11	40	22	28	25	36	26	21	35	35	33	25	39	40	20	22	21	28	28	19	17	13	40	40	18	12	23	38	17	38	13	29	25	26
31	33	14	36	38	35	24	37	39	34	12	39	36	28	14	25	14	37	20	25	33	11	16	18	40	31	40	24	24	31	31	34	20	16	25	18	23	29	30	13	28	36	12	27	20	19	16	35	18	25	26	26	29	39	14	26	32	21	14	27	38	40	12	38	12	17	37	16	33	26	35	28	17	27	25	36	35	30	20	20	28	15	38	35	12	17	22	12	30	21	40	32	24	23	11	23	34	18	36	15
35	19	37	11	37	40	25	35	29	34	37	21	29	23	28	29	39	34	22	33	30	33	11	26	34	23	24	17	24	13	21	15	30	38	22	33	39	16	37	30	29	37	36	13	13	31	36	33	19	19	38	22	24	20	33	26	39	20	27	38	12	16	15	15	20	11	11	23	11	17	13	27	30	26	11	12	40	31	27	13	21	16	32	14	33	36	38	39	36	40	21	22	33	39	40	27	18	13	36	40
18	16	13	20	27	12	30	34	35	28	19	30	33	38	12	18	33	35	13	23	39	38	38	29	14	17	30	39	34	19	18	25	32	18	40	29	35	31	14	27	22	25	33	20	37	35	26	35	20	21	40	11	38	23	22	27	11	16	25	11	30	34	38	29	39	27	20	18	22	17	11	32	11	31	39	40	13	14	13	17	13	19	28	32	19	18	17	31	39	24	16	20	27	35	24	16	35	19	25	17
33	12	37	27	14	37	39	22	34	39	20	38	28	15	21	24	21	21	25	17	25	40	28	11	32	29	19	38	39	21	32	16	31	32	24	13	13	31	16	30	15	39	27	32	26	40	24	31	12	28	17	22	14	16	37	28	32	33	32	32	11	15	28	34	26	22	18	33	40	21	32	34	37	28	11	24	30	11	17	29	40	22	28	18	39	37	21	24	36	31	15	37	34	28	15	25	11	34	16	12
36	21	24	15	15	20	17	16	14	38	40	24	35	12	22	16	15	35	12	20	13	19	15	13	15	40	30	38	25	36	24	24	13	17	28	26	32	32	35	14	34	33	23	11	19	13	35	13	34	22	15	38	29	37	28	15	32	38	11	27	18	32	11	26	19	30	18	14	18	40	28	18	13	12	25	27	18	11	35	30	25	33	16	31	22	26	20	19	30	32	18	39	16	25	27	26	26	22	11	20
19	12	21	34	21	34	20	29	24	27	14	22	14	21	16	35	15	11	20	25	39	34	31	18	24	19	31	17	11	23	26	30	21	24	12	20	35	12	24	33	25	40	28	14	16	15	25	33	24	13	35	32	27	30	35	13	16	12	17	25	12	40	36	31	11	17	27	38	11	19	26	19	18	17	21	11	21	40	37	15	24	27	15	35	29	30	27	40	20	30	21	35	37	21	35	38	17	36	29	20
12	17	12	19	36	22	21	38	40	26	38	13	27	28	15	24	15	13	32	39	12	36	30	27	16	39	33	39	35	37	20	19	21	30	22	14	32	15	32	17	40	29	37	35	38	28	31	36	35	33	28	16	22	18	36	23	18	11	29	16	30	29	32	37	11	17	27	36	22	40	33	28	22	40	16	14	13	35	15	11	18	26	23	35	17	11	12	35	14	38	11	27	12	20	15	35	16	38	23	19
39	14	27	19	16	23	30	20	24	15	17	34	23	35	24	20	20	20	27	22	27	40	29	37	39	30	28	38	22	32	21	30	36	16	36	11	17	15	29	30	32	39	20	20	22	32	16	22	25	14	16	27	29	22	12	35	37	34	25	22	35	15	31	23	33	28	30	19	20	21	19	32	14	14	24	14	21	25	22	37	37	13	22	33	27	28	35	38	29	25	15	32	15	11	23	16	24	22	17	23
22	34	40	38	32	18	20	16	25	28	33	11	14	32	11	40	15	27	20	24	12	38	40	32	21	35	38	16	34	15	29	23	32	34	25	30	35	17	35	36	21	21	32	23	26	29	38	36	12	36	37	27	22	37	18	27	20	22	17	36	36	30	38	24	31	35	29	21	26	20	30	26	24	30	12	28	26	32	32	35	39	36	33	35	38	24	17	38	16	11	15	24	34	26	29	21	37	17	25	22
15	20	28	21	23	32	23	25	14	34	35	29	33	34	30	40	25	39	30	38	21	19	26	40	40	15	28	25	16	31	13	31	15	37	36	24	19	22	38	40	20	34	20	35	12	16	25	17	35	15	34	39	32	11	27	20	15	25	30	17	23	13	11	26	33	37	32	13	32	19	22	16	16	36	21	26	32	24	20	14	32	38	38	11	33	33	21	31	27	23	32	28	18	15	13	40	33	38	40	35
37	26	34	15	11	31	21	23	22	12	16	32	22	30	14	29	19	21	25	13	37	24	27	16	40	35	30	14	37	38	14	27	20	15	24	14	18	37	32	23	15	12	31	29	15	22	13	22	20	11	37	20	28	36	22	11	22	32	24	33	27	23	11	21	37	11	31	11	29	37	18	35	14	37	17	27	31	28	24	35	22	29	18	13	30	15	36	16	15	14	29	35	21	29	17	11	14	23	40	35
29	20	12	21	39	26	20	26	26	28	20	36	14	37	32	29	15	37	29	17	26	11	14	23	21	38	11	31	38	15	38	28	39	27	39	34	31	20	40	25	36	27	30	25	18	39	21	22	37	34	26	11	21	19	27	13	19	30	16	38	18	14	32	40	13	11	33	19	36	39	21	22	37	24	30	11	16	14	22	23	20	16	27	22	32	28	15	17	31	29	19	17	18	18	34	20	36	17	31	22
26	24	26	34	38	32	15	40	22	11	37	17	35	40	27	16	35	13	26	38	17	34	23	29	34	13	25	24	27	30	29	27	21	35	36	33	15	35	37	38	13	38	19	22	18	19	35	35	15	17	17	14	37	36	33	19	32	17	13	22	28	27	29	22	36	40	24	24	22	16	23	26	29	16	18	36	35	35	11	34	12	17	38	29	17	16	38	29	39	18	13	38	38	21	17	15	40	37	33	31
35	36	27	34	28	19	25	19	27	26	23	26	21	32	29	29	37	17	18	31	37	35	15	14	29	18	17	11	35	40	23	21	24	38	12	21	23	33	20	38	36	34	19	25	37	12	20	28	27	38	25	32	39	24	35	36	24	34	34	39	38	12	37	18	32	13	18	33	22	13	33	24	32	14	31	33	38	34	24	12	37	14	33	39	29	23	20	33	19	21	22	23	17	33	32	30	35	24	16	40
29	16	18	33	11	31	14	24	24	34	14	39	34	13	32	17	27	23	12	36	38	30	27	40	39	13	33	18	19	34	33	21	14	16	11	11	22	17	40	22	36	32	28	20	37	14	18	20	26	25	24	17	20	23	38	34	14	38	31	19	20	13	15	28	19	11	20	37	37	30	20	30	13	22	38	26	21	31	28	34	11	20	23	33	27	16	28	14	14	24	20	32	31	18	16	18	32	15	23	38
36	36	29	28	17	34	25	34	21	19	17	26	26	34	40	30	22	20	32	17	23	35	34	23	32	39	29	11	32	12	12	35	16	22	23	29	24	21	17	18	36	36	23	32	31	14	27	36	39	27	34	39	15	35	24	12	35	18	13	18	27	22	37	17	40	39	37	22	32	21	26	13	17	12	16	11	24	14	37	32	18	24	18	21	17	30	36	12	19	25	34	21	39	18	35	25	23	25	26	34
18	26	21	19	11	38	27	25	38	34	31	35	31	26	37	29	21	30	29	23	21	27	29	22	17	33	19	15	24	13	21	30	15	12	37	29	11	39	11	40	38	27	14	20	39	39	34	26	37	28	33	30	14	39	21	21	34	30	18	15	22	29	29	12	26	12	40	37	11	21	17	21	26	15	23	16	27	21	37	13	19	21	12	13	27	11	35	14	12	31	14	14	21	35	19	18	36	37	31	38
35	24	32	34	11	12	27	15	16	17	37	38	17	34	35	33	22	26	34	23	29	11	37	23	15	40	19	28	34	23	25	16	34	35	18	29	35	35	31	12	12	12	29	14	29	18	22	24	11	21	14	39	11	29	39	33	19	21	33	36	21	28	18	16	25	13	40	11	32	27	25	36	24	21	30	34	28	11	26	21	40	35	39	26	18	37	37	30	33	11	29	39	14	20	38	14	38	14	36	22
38	15	15	26	30	30	38	12	17	20	13	23	13	24	26	29	34	16	37	22	22	15	38	35	37	17	16	17	35	16	15	12	34	20	40	22	24	18	31	18	27	26	17	38	20	16	14	27	19	12	39	33	28	33	33	12	17	18	32	34	37	18	11	20	25	22	25	38	21	32	11	23	12	20	16	25	24	37	32	25	34	15	27	26	28	30	13	24	26	14	19	20	12	22	31	20	18	36	12	25
11	22	28	38	26	29	29	13	12	33	11	24	40	33	20	16	38	19	11	32	24	26	37	39	40	30	39	22	26	20	30	31	18	26	15	35	33	37	33	29	33	18	40	22	26	24	27	36	25	13	24	27	23	12	13	40	39	20	38	16	21	38	39	38	34	19	22	37	27	26	13	16	39	40	35	27	40	15	23	33	40	18	38	12	14	18	22	15	14	24	16	32	31	25	36	35	39	40	34	24
22	30	16	11	38	35	18	17	29	32	15	15	22	15	21	37	13	11	14	12	38	20	32	36	32	23	31	35	31	13	38	36	14	30	11	36	25	28	33	20	37	14	13	36	25	30	37	27	11	27	14	12	11	22	37	19	35	32	29	21	12	38	14	17	34	16	37	31	18	19	14	13	13	13	13	27	30	23	30	37	19	23	19	38	30	28	23	26	33	30	37	14	11	38	13	40	19	15	31	21
38	16	31	27	31	35	22	13	29	20	14	19	13	15	19	38	32	16	25	20	17	25	17	20	14	13	18	11	15	24	31	37	14	24	28	25	35	23	35	38	37	14	17	13	16	37	13	16	15	13	23	22	11	38	22	14	34	21	20	15	11	38	33	35	26	15	32	22	30	15	35	11	40	29	31	40	15	34	11	37	28	15	28	37	15	14	40	18	17	19	13	14	13	33	26	34	37	37	40	32
21	39	31	38	34	19	27	12	22	19	31	22	22	11	23	36	35	18	20	16	24	26	12	38	11	35	13	26	25	26	17	24	12	37	14	36	30	30	15	34	24	37	36	16	23	34	16	27	31	15	33	17	13	24	17	18	23	22	27	22	40	24	15	15	24	15	36	33	40	13	27	13	25	38	20	31	37	40	26	13	29	32	24	12	26	17	14	20	20	35	15	27	25	28	38	13	16	34	35	20
12	18	25	34	18	20	22	32	25	30	15	32	33	15	36	37	17	25	32	33	28	26	26	23	30	38	21	11	27	38	39	18	28	14	38	22	40	23	23	28	35	28	17	27	28	24	36	14	30	26	38	32	12	20	13	36	38	36	37	38	19	30	19	21	32	12	19	15	20	20	20	16	35	29	25	38	17	11	26	23	35	25	33	12	11	34	16	15	26	16	13	23	26	16	23	23	27	23	36	11
34	27	11	21	35	14	28	14	22	27	23	18	38	31	38	26	23	31	35	11	27	25	38	26	13	30	30	15	17	35	13	38	33	13	37	29	36	12	36	16	37	23	24	21	22	15	35	36	35	22	29	36	15	20	24	22	21	32	25	37	29	21	24	15	39	18	33	29	15	21	38	25	13	18	17	19	19	25	11	12	15	20	15	19	13	26	18	29	19	18	14	11	29	38	37	15	23	12	20	16
38	29	11	38	31	35	12	15	35	12	24	24	29	34	28	12	21	36	14	17	40	36	18	22	11	24	15	20	35	13	23	25	18	38	30	13	24	11	23	17	13	14	28	38	32	19	37	28	40	11	32	30	17	20	32	25	27	21	22	37	21	32	36	35	11	37	19	14	32	20	39	33	35	39	16	23	34	24	12	33	40	25	14	22	27	11	29	14	31	35	39	39	29	37	15	30	14	30	28	27
28	37	40	40	17	30	17	29	12	17	14	12	40	31	19	19	25	11	30	21	35	29	11	27	33	16	32	22	23	29	33	15	25	39	11	38	24	27	17	13	21	37	26	26	27	24	12	21	28	12	33	24	23	22	40	11	28	13	20	19	19	28	31	25	20	33	26	32	20	22	11	28	35	23	24	29	29	14	33	25	14	34	11	30	36	27	11	30	12	37	35	34	27	14	17	21	31	40	22	36
30	11	27	25	20	19	38	26	28	13	23	12	17	28	40	15	18	36	14	24	11	35	20	35	35	30	24	34	16	13	31	28	32	33	26	21	31	24	24	24	24	28	18	38	38	11	16	27	17	39	14	20	20	19	22	32	33	40	25	28	32	35	37	17	21	32	31	17	39	23	24	38	15	31	16	18	19	25	24	38	11	38	21	17	39	22	14	20	24	31	27	27	16	23	37	19	35	27	23	33
25	15	37	15	14	29	32	12	16	21	27	32	22	14	40	37	26	36	13	39	22	24	12	31	11	11	11	29	39	34	21	28	20	11	26	31	22	36	34	36	30	40	15	16	40	19	38	12	28	40	27	28	13	33	17	21	13	26	17	40	37	18	23	19	22	12	32	27	19	40	16	38	30	34	14	13	25	15	23	24	31	35	26	37	24	15	28	31	35	13	40	32	23	37	32	15	18	23	36	29
23	18	18	16	13	25	20	20	35	30	40	17	27	39	16	36	12	27	22	28	35	11	23	11	32	18	31	38	26	35	33	33	40	26	31	17	26	39	21	30	16	20	23	23	12	17	35	21	15	33	14	22	28	36	30	21	17	29	29	25	31	35	35	14	23	38	38	29	22	16	40	17	34	27	30	16	37	40	16	15	15	17	18	38	22	12	11	35	36	30	34	31	40	22	33	16	36	37	33	25
35	27	18	19	24	11	35	23	37	40	22	27	31	35	27	32	21	32	18	27	17	32	23	13	18	39	29	36	26	29	20	23	32	37	28	33	18	28	34	18	35	40	18	22	36	37	16	38	40	35	16	13	11	39	15	15	13	33	18	23	34	31	21	38	22	18	23	36	21	14	38	26	39	11	20	21	16	35	28	39	25	32	34	20	32	25	14	22	31	18	23	23	40	13	36	28	36	33	27	17
28	40	15	17	30	33	37	26	37	12	34	35	29	28	15	22	23	16	19	17	24	33	30	23	35	17	12	14	21	31	32	32	30	22	17	36	37	13	22	18	19	21	11	13	27	19	39	36	16	36	11	30	38	32	14	33	33	24	17	11	13	25	38	15	38	36	34	16	38	26	12	28	12	17	11	26	30	31	38	28	35	32	31	22	23	24	24	33	32	34	34	21	40	34	12	30	32	31	33	13
11	35	11	33	37	16	16	20	20	11	22	34	26	16	17	40	16	22	15	12	18	36	19	15	16	26	18	18	17	24	13	18	15	39	39	13	28	20	28	36	15	35	38	22	28	29	40	32	40	38	32	27	40	11	23	15	23	28	20	16	25	34	28	22	34	34	40	23	18	27	27	38	39	36	32	19	37	32	38	33	33	24	13	34	19	36	24	15	19	16	22	16	15	28	19	30	27	37	19	33
17	38	22	29	24	32	31	20	23	23	13	25	39	15	25	31	19	32	17	20	14	28	32	23	26	25	27	38	11	27	18	15	15	31	33	34	36	30	27	14	15	23	22	17	12	12	24	25	13	38	12	29	17	18	21	21	31	40	12	31	36	40	30	34	30	14	36	31	32	22	27	14	29	19	18	21	33	35	11	31	34	24	38	28	28	11	26	32	32	18	26	28	33	34	37	36	36	38	21	19
63	54	48	94	58	60	89	81	1	68	11	70	40	51	33	4	82	8	67	34	66	53	21	6	25	16	84	42	99	19	79	77	97	43	75	20	86	28	2	71	83	96	26	78	44	87	24	74	46	3	18	41	64	27	17	9	61	95	29	69	22	49	90	52	50	98	57	88	7	56	85	100	65	31	36	47	73	13	72	14	80	10	39	38	91	76	55	15	59	93	30	32	35	37	92	5	23	12	62	45
14	36	35	49	46	4	12	56	87	80	30	45	59	61	78	74	2	21	1	98	57	32	94	85	8	18	5	15	33	69	79	99	39	89	63	54	53	16	97	43	70	72	81	84	27	19	29	37	73	10	75	13	71	95	64	47	68	31	88	24	66	92	23	7	9	38	90	51	100	34	17	91	26	25	93	40	42	60	20	48	52	3	28	96	44	58	76	55	41	65	62	86	82	11	6	77	67	83	22	50
49	93	39	33	4	84	74	16	1	13	46	21	82	62	38	54	80	12	76	45	91	88	36	25	7	3	24	55	71	18	31	6	50	27	51	41	70	47	83	42	43	92	63	86	64	32	81	40	26	59	94	100	34	60	48	85	90	5	61	77	89	28	73	20	15	37	10	87	57	98	67	99	29	56	22	9	44	78	79	35	17	66	2	52	19	75	96	58	53	11	14	72	65	8	68	23	30	69	95	97
23	63	87	77	45	51	32	55	33	52	70	8	9	30	60	85	49	31	69	12	47	4	92	28	61	76	17	62	6	3	14	40	27	20	95	64	5	10	91	25	7	18	100	53	15	24	19	1	90	57	96	54	67	66	59	71	83	82	58	34	72	38	48	84	73	26	22	35	56	68	44	43	81	86	46	94	36	11	29	98	99	21	89	97	74	42	93	16	13	75	65	80	37	88	50	39	2	78	79	41
84	83	28	36	55	42	80	90	66	9	96	6	18	39	99	79	88	32	63	85	17	74	44	92	13	68	35	46	3	67	78	7	72	27	24	10	87	51	53	26	20	62	12	11	23	65	2	59	22	57	70	50	91	29	45	94	60	31	21	37	43	52	54	38	73	98	93	40	47	89	97	14	1	81	25	8	19	71	16	86	64	48	95	49	61	75	77	58	5	15	82	69	33	41	100	56	4	30	76	34
77	26	8	50	25	95	14	68	55	61	91	4	17	60	37	7	2	67	75	80	85	33	65	74	81	31	58	28	48	15	88	57	54	11	86	24	56	1	46	10	62	94	76	64	78	69	83	32	30	87	27	29	89	98	35	72	9	19	71	43	70	49	20	41	97	47	44	90	53	39	63	23	100	51	38	93	5	84	34	52	45	21	92	40	16	36	96	79	18	6	82	3	12	22	73	13	42	59	99	66
57	67	82	97	23	12	28	98	55	53	92	64	62	38	85	26	36	11	14	41	48	81	61	79	63	58	8	10	7	17	93	54	49	74	6	89	42	75	13	99	70	29	31	18	77	56	4	90	21	37	34	84	39	71	59	72	86	66	78	43	33	3	45	88	19	52	69	16	87	15	20	9	5	40	44	91	46	80	83	50	94	65	68	35	24	30	25	76	27	95	32	73	51	60	47	1	2	22	96	100
11	93	53	94	31	74	64	48	47	65	80	95	72	30	7	44	26	82	2	68	14	96	12	97	62	50	84	34	78	5	73	38	25	71	1	83	49	89	37	43	16	90	33	98	18	75	63	8	39	60	54	45	56	58	13	24	9	10	23	85	100	32	55	27	61	36	91	57	69	40	81	59	21	15	70	4	88	99	42	22	3	51	20	46	28	17	92	19	52	41	6	86	67	66	77	29	35	79	76	87
32	64	48	6	74	17	86	67	79	16	99	69	10	11	20	12	42	82	41	72	47	81	84	96	50	60	45	61	68	91	5	15	71	70	31	46	1	36	83	65	57	22	3	92	77	28	40	24	35	53	97	73	25	14	44	26	37	7	21	95	9	29	87	89	80	34	19	88	33	76	55	56	27	4	85	98	63	30	78	59	23	2	75	8	90	43	18	54	66	13	52	100	51	39	49	94	93	38	58	62
25	92	87	6	52	26	45	35	72	41	22	48	67	59	37	83	81	82	21	23	89	69	53	64	76	97	93	11	2	86	50	60	38	57	43	7	65	4	98	79	24	27	44	62	32	78	71	39	54	74	68	73	19	17	14	56	58	20	61	49	66	100	77	51	40	90	30	84	29	47	70	85	13	9	42	80	96	16	10	3	34	8	15	12	46	1	36	63	31	33	94	75	99	28	91	18	55	95	88	5
16	80	31	3	27	87	90	62	76	78	60	98	18	48	92	75	40	100	9	65	21	5	77	25	95	52	32	26	15	61	83	39	58	81	1	19	53	13	43	91	69	6	96	51	22	10	7	63	68	4	99	34	66	20	23	45	2	82	59	84	24	11	74	49	29	57	8	85	14	46	71	42	54	12	28	70	67	86	17	30	37	44	89	94	64	47	50	33	73	93	56	36	72	55	88	79	38	97	41	35
31	20	99	30	83	89	61	57	81	84	27	96	80	58	94	44	90	47	76	11	54	91	73	43	40	49	22	72	85	21	59	92	39	28	79	13	63	45	64	5	33	34	1	67	100	66	87	32	10	71	65	25	86	93	88	36	16	17	29	48	69	2	56	42	14	26	7	60	52	55	95	53	97	70	46	3	24	9	74	62	82	8	77	75	78	19	23	68	50	41	37	15	6	12	51	98	18	35	4	38
64	19	29	11	87	94	85	10	14	40	82	99	57	38	89	80	6	72	95	76	18	39	51	60	3	78	91	81	12	56	1	26	93	92	54	13	34	61	35	63	74	41	27	75	7	50	83	49	20	21	33	55	37	69	28	73	48	98	53	96	5	45	65	88	97	25	47	15	52	46	31	23	8	68	32	44	4	9	16	2	58	84	79	42	86	22	71	100	17	70	30	66	24	67	62	77	36	43	59	90
27	38	84	59	43	57	53	54	82	80	20	77	18	65	13	87	3	72	5	21	83	68	49	24	17	14	12	89	92	47	55	45	28	70	58	2	74	64	62	19	90	95	63	6	75	41	1	67	78	86	26	7	99	37	79	9	42	100	85	8	34	46	10	50	60	51	29	94	71	97	39	98	52	44	91	11	15	81	22	69	30	66	73	93	32	35	40	4	88	31	33	23	16	96	25	36	76	48	56	61
37	98	62	58	79	1	28	29	13	68	82	77	43	8	24	85	12	41	38	10	48	75	34	65	33	97	39	91	95	89	56	9	16	49	22	80	36	2	61	50	4	72	3	70	30	18	47	54	60	20	69	5	67	84	59	66	17	32	55	63	6	74	25	21	90	45	26	42	87	35	27	88	92	14	40	94	53	64	57	99	51	19	93	81	86	15	73	71	83	23	96	31	11	78	100	76	7	46	52	44
100	36	26	62	99	1	7	40	66	98	31	37	47	52	49	4	60	20	58	64	50	70	75	22	84	13	21	88	23	17	79	33	96	27	65	51	35	97	8	68	2	5	42	57	83	73	30	54	11	86	24	76	71	12	53	18	59	14	25	78	82	61	81	34	74	87	10	92	69	3	38	46	32	28	85	9	89	19	43	16	91	45	63	90	95	39	44	67	15	6	41	56	93	77	55	29	80	94	48	72
70	12	54	35	40	25	85	95	83	62	24	29	7	8	22	5	92	79	4	20	36	80	26	59	32	100	98	66	49	57	89	72	91	37	63	17	53	41	34	42	97	39	13	68	71	73	93	61	19	78	84	2	82	90	1	9	50	21	96	15	76	14	64	6	51	23	60	75	67	81	99	58	55	48	86	65	52	46	94	27	16	31	88	30	47	69	38	45	33	18	11	43	28	44	74	3	87	10	77	56
52	2	87	86	41	72	37	35	34	53	100	73	43	54	9	10	82	18	30	70	58	96	11	16	6	79	81	45	65	13	67	77	7	23	48	75	49	42	60	89	28	85	4	31	25	47	26	97	24	40	19	56	55	90	69	50	21	29	62	83	71	64	95	98	99	33	94	22	12	15	20	92	51	66	17	36	1	44	63	39	38	3	57	84	61	74	68	5	88	27	80	32	14	91	8	46	93	76	78	59
58	68	45	75	44	53	69	43	67	71	73	72	78	40	25	17	50	91	47	95	79	76	60	32	59	46	13	52	83	56	39	33	98	86	54	51	93	97	30	88	61	21	99	74	64	94	80	48	6	35	19	4	66	41	14	5	90	29	12	22	36	62	55	49	20	26	81	84	65	42	31	28	57	7	10	9	15	1	85	16	38	8	89	2	96	18	82	63	92	100	34	87	27	11	3	23	70	24	77	37
86	69	47	97	49	94	18	27	19	4	6	52	92	83	53	57	28	10	35	74	41	68	61	87	16	81	21	30	40	25	24	54	64	22	46	91	56	11	95	59	14	37	29	71	5	90	67	72	1	84	55	79	60	44	31	63	43	76	9	3	80	96	93	62	100	23	32	77	20	34	33	82	17	78	89	42	99	85	36	26	70	12	45	73	2	58	98	8	38	7	50	48	51	88	75	66	39	13	65	15
92	10	25	57	39	35	26	55	20	52	78	58	37	71	70	66	80	98	2	43	22	88	4	12	99	14	31	63	29	79	8	49	65	82	61	85	54	44	72	46	81	74	84	83	96	18	41	50	68	15	33	32	95	67	6	5	47	60	9	45	89	1	51	30	77	11	87	19	76	56	24	7	23	59	38	48	42	36	90	13	17	28	86	100	40	62	94	27	64	93	34	16	69	21	3	73	53	91	97	75
79	9	22	60	62	14	49	56	25	78	72	20	40	53	5	61	84	50	18	23	70	48	15	95	43	31	81	34	47	7	80	58	100	67	4	73	51	2	92	96	69	71	94	39	46	89	42	90	12	32	26	13	24	83	93	63	10	19	37	52	11	21	64	59	29	1	74	57	54	85	65	45	87	38	6	91	98	44	36	35	55	68	97	75	8	77	30	86	99	82	27	33	66	88	3	76	41	28	16	17
9	8	70	45	54	16	31	50	27	97	18	56	38	79	47	40	13	35	81	4	60	99	80	61	86	14	69	41	58	71	3	34	95	73	63	62	65	72	39	84	36	22	76	75	64	74	2	53	1	44	57	66	37	46	19	96	91	100	25	78	17	83	5	24	87	89	94	32	12	98	33	92	20	68	55	49	42	82	85	59	15	48	11	88	77	6	10	93	67	52	26	29	28	43	51	90	21	23	7	30
86	74	58	47	11	90	29	97	72	41	85	45	15	78	53	62	91	9	4	84	34	5	6	54	37	50	20	12	40	14	68	81	42	17	1	79	21	38	24	89	92	22	63	75	100	95	31	70	28	60	71	83	65	57	19	44	16	69	7	98	87	99	32	25	43	80	18	36	56	55	39	61	96	26	94	66	48	52	59	33	67	49	76	8	93	51	46	3	73	23	2	35	27	64	30	88	82	10	13	77
63	57	7	45	93	29	91	21	39	77	71	68	4	94	62	16	99	74	10	48	75	19	85	61	35	17	52	31	96	8	46	87	25	43	66	51	59	76	27	58	72	13	69	90	65	95	49	5	54	6	81	78	23	53	86	79	2	30	24	9	64	34	56	38	40	60	97	67	18	12	55	82	3	15	28	47	83	36	92	88	32	44	11	89	50	98	20	14	37	73	22	80	42	41	1	70	26	84	100	33
82	8	47	11	16	18	20	4	45	68	85	97	52	38	87	32	33	91	29	48	26	59	43	23	67	62	9	31	2	70	65	99	74	42	55	56	34	25	49	53	27	13	12	57	66	92	90	79	81	30	1	6	78	73	44	50	77	35	36	95	61	58	69	46	41	76	37	96	71	7	54	86	60	64	80	10	93	40	17	14	63	83	89	39	21	19	15	100	84	5	72	22	3	98	94	51	24	75	88	28
84	50	32	22	83	34	6	67	82	85	57	2	8	80	19	65	31	35	89	45	47	9	12	79	76	1	66	5	51	72	14	96	28	95	37	90	7	81	10	86	61	91	98	16	93	3	56	41	17	24	99	36	53	33	71	75	13	48	55	20	27	40	26	97	15	58	21	54	92	63	11	87	44	64	59	42	43	74	29	30	49	94	23	69	62	78	70	39	68	77	52	38	25	88	4	60	46	73	100	18
24	74	22	15	91	7	33	5	85	62	86	6	90	34	8	61	45	16	79	55	35	20	92	80	25	42	11	94	38	27	87	36	67	60	40	81	96	51	98	76	66	71	9	37	63	83	3	70	88	43	65	77	29	100	12	28	48	73	57	10	95	4	50	41	64	54	18	21	58	78	26	44	31	97	93	17	14	53	75	56	32	69	23	49	89	39	82	99	47	46	68	30	1	59	2	72	52	13	84	19
28	37	50	39	7	55	18	43	13	96	70	27	38	68	23	21	93	24	99	47	86	41	40	54	14	9	8	58	64	87	32	74	77	92	49	48	31	33	63	51	3	22	79	16	81	12	1	20	6	19	94	60	95	29	66	97	4	67	15	42	100	82	73	72	2	25	61	71	46	90	75	80	62	34	17	98	69	52	85	26	78	65	53	35	30	44	88	76	57	45	5	91	10	59	83	11	36	84	56	89
66	91	55	17	82	8	98	88	29	56	65	47	24	21	6	60	35	4	26	23	97	38	59	63	80	78	100	3	30	72	27	57	58	7	71	53	61	18	74	77	33	31	10	62	28	14	90	22	50	36	46	5	81	70	76	37	9	83	89	51	75	11	43	44	92	52	69	93	48	16	86	41	1	95	96	79	67	94	68	25	12	15	2	40	42	87	34	84	32	19	73	45	13	39	20	99	54	85	49	64
69	59	27	61	82	34	83	100	42	50	40	31	29	94	77	90	67	13	20	25	41	30	54	19	51	48	43	84	91	97	23	57	60	81	5	99	95	86	56	36	26	18	1	53	49	85	93	88	92	21	14	10	76	12	24	72	89	78	15	2	45	62	33	63	74	80	37	47	6	58	35	44	11	68	4	96	73	98	64	16	66	65	7	39	22	17	79	9	38	75	71	28	55	52	46	8	3	87	70	32
45	81	14	87	93	35	78	9	33	10	68	17	74	38	84	67	60	79	3	71	43	4	57	46	39	42	29	7	50	6	54	34	65	44	2	21	88	12	22	16	47	24	73	5	63	94	49	52	90	58	15	31	91	92	13	66	100	41	26	11	89	98	56	25	77	69	70	61	19	82	28	32	18	80	48	64	62	37	99	53	75	72	83	1	23	36	51	86	30	40	85	27	97	8	59	95	20	96	76	55
84	73	12	2	92	34	39	27	14	97	53	99	48	96	82	74	87	46	5	98	31	63	44	69	56	49	23	42	90	21	100	72	33	45	88	4	22	79	16	51	15	75	11	66	43	83	52	17	95	38	19	93	67	28	77	59	35	30	62	65	24	94	60	55	86	9	50	37	91	1	36	70	57	89	29	47	68	25	6	54	80	40	41	78	32	3	61	8	7	58	85	71	81	20	13	26	76	10	64	18
7	15	86	87	46	89	90	19	60	23	71	25	80	33	77	11	47	16	12	82	98	94	100	28	51	49	10	2	70	63	67	41	37	66	81	75	57	21	73	99	53	68	58	6	97	42	55	88	50	76	22	35	13	78	72	79	24	83	8	38	34	93	54	14	69	20	48	62	65	4	5	56	92	74	45	39	1	91	36	32	44	31	52	84	43	3	59	61	26	95	27	64	85	96	29	30	9	18	40	17
100	97	17	56	95	69	67	70	51	64	7	74	6	93	24	83	35	99	81	27	43	88	33	38	66	77	94	10	63	92	78	12	39	52	84	31	19	87	44	62	76	22	37	3	82	13	1	59	90	28	96	30	14	15	68	9	25	5	36	91	89	98	26	54	49	4	47	71	86	34	21	75	18	58	11	20	8	79	72	41	29	16	55	57	80	50	42	61	60	45	46	73	2	32	23	65	48	85	40	53
85	91	22	48	71	72	83	62	80	50	41	4	12	27	86	36	56	94	98	75	79	38	51	53	95	34	47	13	28	5	55	64	43	10	81	21	8	87	30	66	93	33	15	17	57	20	14	97	25	73	7	45	69	65	54	82	9	92	58	18	59	60	3	29	88	74	23	42	44	37	96	46	11	90	61	76	32	49	89	77	2	70	52	40	16	67	35	26	39	99	6	100	63	78	31	1	24	19	84	68
32	14	15	24	33	78	13	71	39	19	75	42	85	47	48	56	43	1	90	84	92	11	77	25	12	23	83	44	58	64	70	97	29	45	72	81	16	9	30	86	79	80	88	46	40	21	7	54	8	36	63	69	57	28	51	87	4	100	34	38	55	62	18	61	66	76	59	17	3	94	96	65	95	60	26	50	10	82	74	53	99	20	89	98	41	49	93	67	35	37	27	22	31	6	91	52	68	73	2	5
1	27	82	13	57	25	56	69	86	5	83	62	74	95	77	53	34	45	30	14	54	50	63	60	90	64	67	44	76	47	4	78	11	18	87	38	92	41	70	68	19	89	91	15	16	94	85	52	40	35	88	10	7	81	26	72	12	61	23	9	55	3	24	21	59	33	6	99	32	75	36	20	98	37	8	29	39	2	28	100	42	96	31	48	73	22	17	93	84	46	79	49	43	71	66	80	97	58	65	51
63	60	17	46	34	2	62	48	97	42	23	71	30	19	41	58	40	36	1	50	32	95	38	39	10	73	29	94	72	96	91	57	22	86	56	85	43	16	79	61	100	87	78	69	9	27	47	6	51	44	52	13	37	12	99	31	15	83	35	92	89	93	11	18	67	55	98	28	65	25	68	80	90	7	8	75	45	14	82	20	74	77	33	54	4	76	59	26	49	64	81	66	3	53	84	5	70	88	21	24
79	43	26	57	84	70	92	55	45	58	89	95	77	23	82	12	48	10	61	40	85	51	97	68	36	41	28	54	20	22	75	56	78	9	27	64	17	1	60	99	46	66	11	83	74	71	30	62	52	73	53	96	25	33	90	93	87	65	19	34	3	15	42	72	63	24	86	44	50	49	94	35	32	6	88	16	29	98	4	38	47	2	39	67	100	13	69	76	8	59	5	7	80	81	14	21	18	91	31	37
31	82	83	38	61	55	86	75	21	35	68	78	50	4	70	5	15	95	84	67	63	76	42	14	13	19	49	77	12	99	66	6	73	62	3	79	98	65	24	22	43	33	69	97	71	90	47	29	32	17	51	2	88	28	96	16	10	92	81	26	1	48	11	91	7	100	46	34	39	89	72	59	9	36	18	58	57	40	23	44	37	30	45	53	56	93	64	27	41	20	54	52	25	87	74	8	94	80	85	60
33	19	82	91	20	62	96	51	94	85	81	55	31	95	24	3	21	32	41	1	49	44	46	16	52	87	26	61	73	11	17	83	98	50	34	59	12	63	57	65	9	70	42	29	56	37	6	77	14	69	75	88	2	99	66	7	22	8	54	38	25	67	39	53	84	100	72	92	10	86	89	28	13	15	40	97	90	74	23	18	60	78	43	35	30	64	71	4	5	27	45	58	36	79	76	68	47	48	80	93
58	97	8	29	12	75	76	54	37	90	55	68	41	49	5	87	30	85	40	59	51	27	17	79	63	7	86	22	16	94	15	71	96	99	33	35	39	31	46	88	64	91	72	53	43	70	4	48	20	32	95	42	73	50	74	82	24	14	93	23	34	1	81	56	26	3	9	19	60	67	18	13	10	25	77	57	65	69	80	45	100	78	36	21	92	47	6	38	28	83	89	84	11	98	62	61	44	52	2	66
20	98	90	78	17	38	99	4	88	95	19	5	79	43	61	50	86	51	24	80	85	67	48	57	35	53	75	92	81	10	6	68	37	82	64	60	12	16	39	89	73	23	59	9	22	31	41	2	21	34	93	36	65	45	58	13	76	56	26	71	84	32	15	69	27	94	40	100	54	91	83	8	11	14	52	46	33	62	63	7	28	25	77	42	70	47	55	74	72	29	18	97	96	66	44	30	49	1	3	87
50	91	40	48	21	44	46	12	75	39	71	82	81	31	53	93	17	63	11	13	38	32	15	24	29	23	42	89	30	61	5	4	80	70	56	6	1	83	79	95	10	62	84	65	18	47	98	41	68	96	99	34	78	9	97	86	20	43	55	2	37	69	73	92	74	88	94	87	16	19	58	100	57	60	3	28	72	27	90	77	66	52	51	67	14	35	54	49	45	59	7	8	76	25	26	85	22	64	33	36
29	83	79	52	26	53	69	85	11	20	21	46	95	96	93	32	33	75	66	7	64	9	13	67	27	42	30	25	35	62	43	90	87	68	89	50	2	6	41	10	28	23	16	84	36	17	80	57	91	74	65	47	38	8	48	18	1	45	98	58	19	94	40	12	76	39	72	54	31	24	88	44	22	78	63	73	99	5	82	14	51	15	81	77	100	37	56	3	55	60	49	70	86	97	4	61	92	59	71	34
14	87	58	45	40	31	73	7	19	89	11	34	62	15	84	53	25	27	37	56	47	68	4	12	38	29	72	97	10	74	92	85	21	23	35	33	5	96	65	81	17	50	98	91	93	42	24	36	75	2	6	28	22	54	77	39	70	41	46	43	71	57	67	60	64	78	13	18	3	51	44	76	83	20	9	82	30	69	88	66	61	90	55	59	100	80	94	99	32	1	52	49	16	8	86	26	48	95	79	63
85	76	63	95	71	77	3	22	82	68	64	4	6	67	69	84	88	92	93	75	28	12	78	21	25	9	61	49	1	72	29	18	11	48	38	10	96	50	7	17	8	54	37	51	27	90	81	40	58	43	19	97	55	100	31	36	42	39	86	33	60	79	99	30	26	70	24	5	83	94	80	73	14	34	15	56	65	91	66	52	57	59	35	53	87	47	23	45	32	44	98	2	16	46	13	89	62	41	20	74
51	99	100	64	25	92	87	66	71	83	12	93	26	82	20	77	45	63	15	91	43	37	88	11	17	52	6	41	31	95	4	78	5	2	62	90	79	60	21	81	36	67	61	39	47	1	34	14	56	68	32	7	24	55	76	35	94	59	54	9	85	49	29	75	16	23	30	84	48	58	57	27	72	74	13	80	65	86	89	44	70	98	42	69	33	53	38	96	22	28	3	8	10	97	18	19	46	40	73	50
13	59	78	67	70	1	99	81	79	6	58	86	17	61	15	100	84	51	68	30	47	37	39	95	33	82	63	90	12	42	35	94	52	93	29	97	4	49	92	18	22	64	96	24	41	28	75	14	10	40	38	53	45	16	23	71	91	20	55	74	44	88	31	57	83	19	77	46	9	27	32	25	3	7	62	21	5	2	65	72	73	43	89	76	11	8	69	66	50	34	80	60	98	26	87	36	56	48	54	85
65	10	91	37	61	46	49	60	54	1	48	22	92	7	55	94	73	33	8	43	88	23	4	90	83	86	31	76	72	71	17	68	53	79	3	87	2	80	99	5	62	45	59	57	78	42	36	96	50	16	67	12	66	29	89	82	56	19	84	93	11	63	25	41	28	70	58	74	44	30	100	35	52	9	34	95	75	27	64	81	26	18	97	47	6	85	40	39	51	77	20	69	21	15	32	98	24	38	13	14
29	89	44	10	62	52	17	70	74	18	43	7	39	87	97	75	35	72	1	40	84	82	85	76	96	73	91	90	36	49	6	16	45	66	27	12	24	9	95	41	99	58	11	42	33	14	93	88	55	51	20	4	28	57	50	32	78	56	15	53	65	81	54	86	19	69	31	8	25	100	13	30	22	92	98	67	71	64	38	21	37	83	77	61	79	68	48	47	46	2	94	60	80	34	63	3	26	5	23	59
59	91	30	14	53	58	7	97	33	1	95	98	62	87	67	46	75	9	84	86	52	31	28	99	19	35	26	60	49	92	63	57	47	70	44	40	18	20	45	13	25	65	5	93	77	81	54	76	90	22	29	10	64	17	71	94	36	39	3	72	51	89	4	56	42	24	85	21	8	23	61	88	68	16	82	74	83	6	55	32	66	50	11	37	34	48	38	41	73	79	12	2	78	100	80	96	69	27	15	43
49	97	44	95	91	13	57	56	45	74	20	47	37	60	26	80	92	77	89	1	34	33	78	7	53	8	27	54	72	32	21	55	48	3	76	19	51	98	18	38	23	81	73	83	6	42	29	96	64	87	75	63	50	68	31	93	4	24	84	2	22	69	85	99	10	82	79	71	94	17	86	16	36	66	70	40	12	43	35	65	58	59	30	52	25	39	100	90	11	41	88	62	5	14	28	61	9	46	15	67
56	34	51	71	73	64	68	65	29	52	23	95	54	98	60	86	83	62	99	38	96	61	30	87	91	13	40	22	100	84	41	33	82	78	3	57	15	81	66	93	70	43	4	97	37	44	89	31	5	2	50	24	26	1	39	45	36	10	19	6	47	35	79	53	9	76	16	46	75	17	49	80	92	20	12	74	28	18	90	25	88	94	42	7	77	8	67	14	69	58	55	21	11	85	27	72	63	48	59	32
77	15	51	78	57	40	87	56	45	36	64	85	54	49	89	34	68	23	7	60	39	8	11	99	20	27	48	35	26	59	70	2	32	18	38	37	42	33	84	80	90	5	52	65	83	43	12	19	61	6	76	41	46	47	67	93	14	62	88	17	55	94	9	58	71	75	72	98	16	30	13	69	96	66	73	44	92	86	31	100	53	63	4	24	74	50	3	95	29	97	82	81	1	91	21	28	25	10	22	79
86	79	93	50	54	64	57	71	66	94	100	83	27	68	49	51	43	77	73	56	23	92	75	30	4	42	82	99	80	25	36	81	18	24	33	67	29	52	97	70	10	40	19	98	60	61	41	5	72	3	44	8	34	69	20	95	26	96	63	48	55	62	46	85	17	37	13	74	32	87	14	91	15	35	2	89	78	1	76	28	21	38	84	47	58	65	6	88	90	11	12	45	16	22	31	39	53	7	59	9
76	55	39	5	1	91	41	95	94	42	33	25	44	50	69	8	49	32	79	90	97	83	40	84	11	7	31	53	20	60	51	24	34	75	36	92	23	65	52	78	10	64	89	48	67	87	61	93	12	4	28	13	77	30	74	62	19	17	15	45	86	99	66	80	88	85	26	46	70	9	14	18	58	100	38	71	22	56	57	21	35	54	72	81	96	59	98	82	29	43	2	3	47	63	68	6	73	27	37	16
23	62	27	69	12	84	61	39	81	6	64	25	63	29	21	3	86	42	58	41	59	4	88	73	98	1	99	36	18	56	87	24	52	14	17	5	55	8	2	80	89	93	100	53	65	11	96	38	51	48	37	33	40	28	44	72	67	45	7	92	77	91	35	97	30	76	50	20	78	32	74	82	15	9	16	57	85	83	54	60	75	26	19	22	70	34	10	66	31	13	46	95	90	94	71	68	43	79	49	47
30	11	25	51	52	75	53	77	83	71	2	26	85	91	94	63	82	79	10	37	35	14	5	6	16	20	84	64	99	12	68	21	50	4	93	17	80	13	97	74	27	89	100	42	73	67	38	86	33	36	34	58	15	76	7	23	46	65	95	88	28	43	24	69	32	96	60	72	29	8	56	81	59	92	18	47	61	40	48	19	87	1	22	98	39	45	55	41	90	78	31	3	57	49	9	66	62	70	54	44
25	10	95	74	100	46	50	69	17	60	58	27	99	18	8	78	79	88	80	54	34	43	45	36	22	87	89	83	19	3	12	30	33	24	76	81	98	20	31	90	96	41	37	52	68	72	63	32	48	40	70	93	55	15	85	51	53	2	29	23	21	73	94	13	91	9	86	11	44	16	66	62	5	59	77	92	64	75	49	65	82	1	67	61	14	97	71	42	7	56	26	57	28	35	6	47	38	84	4	39
27	63	36	11	28	66	90	75	93	12	26	76	9	88	82	31	62	33	58	85	69	17	19	72	13	84	15	87	78	60	91	8	96	53	34	89	38	4	25	54	32	46	2	56	3	98	6	48	45	52	47	68	43	22	61	83	86	81	7	30	40	24	42	79	44	74	39	57	97	59	21	100	20	18	99	73	70	95	16	37	50	51	55	67	1	94	80	23	29	65	14	92	10	49	41	71	5	35	77	64
5	8	85	30	43	57	40	19	38	95	22	83	10	76	33	58	92	36	27	97	51	37	86	55	54	7	77	84	2	90	28	12	88	80	96	18	64	91	65	61	79	17	70	44	24	53	3	16	63	32	67	52	98	68	47	13	75	69	59	71	41	93	46	56	14	31	1	48	60	73	9	39	74	50	72	66	82	6	29	89	11	62	45	25	20	35	4	100	49	87	94	21	42	34	23	26	99	81	78	15
60	99	52	62	94	35	22	72	49	19	23	81	5	34	15	10	21	51	83	87	66	78	2	14	24	74	41	39	88	58	68	50	46	75	91	40	7	25	12	64	100	57	30	16	4	85	95	89	36	79	20	26	56	28	80	47	42	33	27	3	73	69	70	1	31	59	82	6	65	77	37	55	92	43	18	13	45	97	9	63	67	86	76	48	71	90	98	53	38	29	8	84	93	32	17	44	61	54	11	96
66	85	22	2	80	17	65	69	96	74	26	8	30	54	43	98	56	19	11	42	40	6	58	86	82	73	21	70	55	97	25	44	60	99	63	34	76	4	81	23	28	64	91	75	59	32	9	84	24	94	14	53	33	51	68	16	46	47	41	87	48	13	61	79	77	78	35	38	49	57	83	71	3	31	1	45	10	7	29	20	62	37	72	27	93	5	92	18	100	52	12	67	39	95	88	89	36	15	90	50
62	52	7	60	80	43	67	27	19	78	51	48	87	35	65	10	45	85	98	93	28	58	6	31	41	71	33	17	9	16	49	12	96	73	13	46	36	86	90	40	68	26	32	74	77	72	15	82	38	94	37	56	69	29	3	1	79	84	4	42	50	2	47	53	64	97	22	39	57	54	91	83	75	21	95	18	8	100	88	76	30	61	81	63	55	59	70	20	34	89	92	24	23	66	44	11	99	14	5	25
22	37	31	52	44	28	67	79	56	94	38	27	78	99	83	63	42	41	58	6	91	71	45	92	17	95	1	64	93	20	10	46	75	85	16	87	29	26	70	60	2	47	33	14	84	43	13	18	98	76	73	81	12	49	65	61	100	36	9	32	62	11	7	72	80	82	53	55	68	3	96	15	8	69	30	51	5	59	40	34	35	23	86	19	57	21	77	25	97	54	66	48	89	4	39	88	90	50	24	74
96	3	22	80	86	90	66	9	58	14	42	79	73	64	100	24	99	10	8	18	52	12	60	77	82	97	98	15	43	7	13	74	95	45	2	63	38	47	67	20	70	30	16	65	46	72	57	59	17	25	61	71	31	51	36	62	4	6	35	50	81	91	94	40	5	48	33	49	21	29	27	78	89	85	1	84	26	55	44	11	54	23	68	92	41	37	93	69	83	28	19	53	87	75	88	56	32	39	76	34
100	1	59	68	85	32	5	60	71	82	43	88	39	76	21	48	52	37	87	38	97	84	49	30	26	18	65	12	74	70	14	9	44	73	91	58	55	93	79	35	98	64	17	50	10	96	7	69	40	92	72	11	34	63	53	45	46	81	16	42	36	99	66	61	33	4	77	22	23	8	47	83	15	67	31	6	75	29	13	19	90	54	25	94	95	57	3	62	80	89	20	28	27	24	41	56	78	2	86	51
17	70	88	36	94	54	31	37	53	2	98	96	40	8	95	26	19	63	29	66	30	85	49	33	74	5	9	23	18	72	91	50	81	67	28	13	22	12	76	4	14	100	75	62	21	93	82	97	42	69	7	80	20	92	57	32	39	10	90	60	52	65	59	45	83	43	16	79	15	99	51	1	56	89	41	46	78	61	3	35	11	86	71	34	24	68	25	55	64	58	87	48	38	44	84	77	73	27	47	6
75	14	57	94	27	19	63	1	87	80	10	60	36	29	39	20	12	77	24	43	47	59	71	86	99	55	88	56	66	16	85	62	8	23	67	22	82	92	98	90	9	95	48	69	84	15	3	7	41	35	26	79	28	54	25	68	74	17	5	46	70	61	33	49	37	65	18	78	83	51	38	21	81	89	32	45	64	13	73	30	72	53	31	93	4	11	44	58	96	34	40	50	42	91	2	52	97	76	100	6
94	60	42	67	8	96	50	15	33	45	52	19	1	91	31	89	65	53	36	59	26	98	4	81	84	51	55	68	44	78	92	34	25	61	7	86	47	72	27	13	63	28	77	66	10	85	14	97	79	75	16	39	35	95	41	48	23	38	37	83	21	18	54	88	2	17	56	58	100	30	20	5	74	69	11	12	64	90	43	80	29	76	82	70	93	6	73	22	32	9	3	99	40	46	87	24	62	71	49	57
12	8	53	99	84	86	16	75	97	76	95	17	34	66	29	57	15	4	98	37	28	78	73	13	38	89	94	83	88	2	71	46	3	21	56	96	43	32	55	100	93	18	85	82	48	6	25	54	77	41	61	79	67	92	33	10	90	80	45	9	65	14	50	60	5	49	52	42	44	26	64	30	24	40	51	74	47	63	69	59	39	11	87	91	27	35	36	7	19	20	1	62	23	58	70	81	31	22	72	68
82	61	64	29	32	66	30	2	69	57	59	97	39	74	24	27	75	3	19	4	72	81	99	15	25	55	11	21	37	40	54	13	43	96	56	36	60	98	58	17	85	63	73	42	62	87	89	41	23	33	52	34	31	94	78	95	90	77	46	7	1	83	44	50	10	28	35	70	100	51	79	53	16	49	5	67	91	93	8	47	20	80	9	48	88	65	6	14	92	76	45	38	71	84	68	12	26	22	18	86
24	73	45	26	29	62	70	16	9	22	34	48	10	39	25	78	60	80	75	19	96	93	33	41	87	51	14	6	20	7	12	11	58	90	2	38	89	99	52	81	66	3	21	8	97	57	53	72	92	27	1	65	68	61	56	69	18	5	50	84	37	79	17	15	44	76	43	88	47	28	64	32	42	49	63	83	85	31	95	4	91	13	36	71	98	67	40	59	55	30	86	94	35	77	54	100	23	46	74	82
52	73	25	21	98	47	19	92	43	66	24	61	34	96	38	64	5	51	82	70	83	16	90	88	79	86	50	95	100	33	97	9	91	42	20	23	32	2	99	94	85	60	74	39	63	28	54	4	76	69	30	68	8	6	35	49	65	57	77	18	17	36	58	81	14	46	3	7	67	22	53	27	44	15	45	93	31	41	71	1	37	84	80	10	12	11	26	75	78	48	72	40	89	55	59	13	87	62	29	56
92	46	99	22	84	5	54	95	96	13	11	31	88	62	83	28	8	35	1	29	32	94	79	12	30	34	36	17	77	73	89	16	74	68	49	25	91	60	6	19	98	51	82	69	15	48	44	14	27	86	47	38	66	26	90	37	85	61	40	39	18	71	81	93	24	100	41	50	75	55	2	9	59	80	33	63	72	64	20	7	76	57	43	58	4	53	21	23	70	67	10	42	52	56	65	97	78	3	45	87
59	2	55	21	17	93	45	77	33	97	73	72	25	8	71	27	63	9	46	42	41	37	87	24	31	78	70	69	56	64	6	36	94	14	91	10	20	75	84	82	15	90	4	11	26	62	88	5	86	35	76	30	81	12	92	48	98	49	89	51	16	1	83	57	22	32	74	96	28	68	99	58	43	60	67	44	79	52	54	85	38	34	29	3	18	65	40	7	13	19	80	50	47	100	23	61	53	39	66	95
3	35	77	99	14	16	31	40	95	58	21	68	34	25	18	89	71	75	42	26	92	46	60	24	32	12	33	11	7	96	64	76	45	47	94	66	9	49	74	36	44	81	93	91	90	56	23	79	72	38	69	20	22	80	28	50	63	86	37	78	17	100	85	61	82	8	62	70	54	53	2	52	41	83	30	15	55	59	1	19	5	67	27	73	29	87	10	13	48	98	88	57	84	51	4	65	97	39	43	6
68	84	50	2	15	12	66	56	83	45	60	62	93	11	75	36	47	7	98	87	46	42	17	80	94	77	51	78	86	61	91	26	1	72	37	74	32	96	65	28	76	3	53	70	39	41	4	59	6	82	55	90	5	57	95	97	19	29	22	24	92	8	13	30	35	73	67	54	38	21	14	71	33	44	18	34	48	43	85	52	49	64	88	9	25	69	63	40	31	23	100	16	20	10	79	81	89	99	27	58
76	4	85	63	48	47	65	49	86	40	64	2	5	96	37	52	1	38	98	24	16	19	55	20	51	70	13	56	82	54	67	68	33	88	60	66	99	50	93	91	94	71	87	73	39	27	59	81	3	43	95	53	61	7	78	46	100	15	80	44	28	8	30	74	69	36	22	90	10	57	97	41	6	21	84	32	9	62	25	18	42	26	75	72	58	14	77	11	35	34	89	23	31	92	12	79	17	29	83	45
31	22	42	54	48	66	91	90	88	3	14	85	19	34	53	8	44	18	86	93	12	24	6	74	61	21	89	75	23	50	16	79	72	7	51	64	45	52	28	55	83	25	13	73	57	68	70	29	76	2	10	78	32	41	94	20	77	69	81	36	98	80	60	92	71	15	96	56	87	38	17	30	5	99	35	82	65	100	1	67	26	49	43	97	37	39	59	46	84	27	33	11	95	47	4	62	9	58	40	63
76	25	48	3	41	10	91	72	92	71	46	63	6	32	88	45	59	94	12	23	98	2	90	73	16	56	54	80	21	14	66	17	18	83	34	95	86	78	27	43	70	20	64	85	40	13	11	75	52	89	51	15	57	9	60	50	61	93	22	38	77	58	35	42	96	79	26	53	65	39	4	81	31	67	69	7	37	8	87	100	24	19	36	44	55	5	84	33	99	1	68	47	29	28	97	82	74	30	49	62
3	93	71	4	12	70	81	25	28	44	66	2	20	77	48	1	45	8	6	73	72	88	7	97	30	34	38	99	39	22	85	56	58	94	24	41	29	65	40	36	76	16	32	91	87	100	14	55	54	69	60	53	23	83	17	63	37	79	59	5	50	68	35	98	13	80	15	78	84	51	42	46	21	96	75	43	49	27	67	74	57	61	95	31	92	26	89	11	47	52	90	33	18	82	10	86	62	9	64	19
63	47	50	77	69	40	68	75	99	60	46	23	71	4	98	53	67	33	44	82	38	29	100	80	56	51	42	3	78	2	55	1	5	72	37	62	61	27	92	22	59	30	24	14	39	95	31	73	74	76	13	89	36	15	79	43	93	85	64	8	41	57	35	97	10	87	65	26	17	16	25	12	54	90	45	19	96	84	70	7	21	18	20	11	9	28	58	86	34	52	49	48	81	66	32	91	88	6	83	94
59	54	20	38	8	31	42	46	81	78	28	14	24	22	10	30	57	73	39	77	27	65	93	64	85	21	92	95	25	82	100	53	5	84	88	32	44	63	15	7	60	1	91	96	26	29	62	43	23	52	17	89	18	34	4	74	68	33	83	99	49	48	40	80	94	98	75	11	79	87	71	55	13	45	67	3	58	66	97	36	76	41	37	72	9	2	50	61	56	6	69	16	47	19	70	90	35	51	12	86
69	79	41	46	5	68	50	75	71	74	93	29	84	35	30	11	92	91	51	1	81	88	47	67	42	32	56	22	89	62	90	82	2	64	98	17	70	94	16	65	85	57	52	63	72	18	48	7	43	61	38	54	66	36	45	97	49	19	15	80	37	25	27	44	21	78	96	3	60	14	26	20	34	8	13	33	40	58	83	6	23	9	53	55	31	10	76	95	87	28	12	99	100	39	24	86	77	4	73	59
3	36	86	40	81	30	79	78	47	65	89	9	57	28	73	29	62	6	71	54	94	76	26	83	99	4	59	95	52	18	42	15	66	31	48	74	46	19	44	43	77	92	50	45	90	58	84	75	23	68	7	2	32	55	13	64	12	11	38	1	5	33	70	91	100	87	17	63	72	20	85	53	67	69	56	24	14	35	82	21	41	98	96	61	37	39	88	34	8	27	10	25	97	51	93	80	22	16	49	60
80	32	75	5	81	39	3	66	8	48	82	50	97	87	88	99	98	89	59	2	46	92	44	4	15	51	20	70	28	31	24	53	93	26	36	76	23	42	10	45	79	91	25	95	37	54	85	63	100	71	27	73	49	1	86	18	57	29	90	11	56	6	83	40	7	33	68	43	94	74	22	55	67	35	21	12	30	78	14	41	61	72	16	65	77	34	17	47	9	69	60	96	58	13	62	84	38	19	52	64
64	40	95	3	92	44	57	69	46	38	42	21	7	68	76	81	48	9	8	100	56	34	53	91	37	33	32	99	93	77	98	59	60	5	96	58	39	63	12	4	11	82	85	20	75	94	10	17	29	89	28	70	15	55	54	1	71	84	73	79	65	23	24	26	52	50	47	97	90	43	36	31	6	13	83	62	61	35	16	72	74	22	87	78	30	19	18	66	80	45	67	27	86	25	49	41	88	51	2	14
61	94	27	76	58	3	34	69	74	25	64	67	52	57	81	48	42	31	87	38	51	96	1	4	62	77	26	73	50	66	72	60	32	8	37	33	98	36	29	11	9	93	16	28	54	70	99	82	22	15	78	5	41	6	12	55	47	21	89	24	83	100	44	45	68	86	40	53	79	80	18	7	91	30	85	20	13	90	88	97	92	56	49	71	95	19	10	63	59	84	46	39	14	23	2	35	65	75	17	43
26	43	63	61	94	70	36	31	84	91	93	90	82	20	96	6	95	55	2	73	60	100	1	57	37	32	11	25	78	47	62	24	53	8	58	68	83	39	38	98	4	65	87	50	23	12	92	71	69	64	76	85	5	51	29	46	18	41	49	77	66	89	52	48	75	13	44	21	16	97	72	81	99	86	34	79	45	7	42	28	15	3	56	17	80	74	35	9	14	27	40	88	54	22	10	33	67	19	59	30
81	11	36	20	39	89	98	62	50	66	30	61	79	77	16	12	23	92	31	72	21	99	24	74	83	54	90	2	65	78	40	64	5	69	51	41	86	42	48	29	9	63	68	75	88	84	71	7	37	10	14	76	1	73	94	97	3	67	35	56	33	15	95	27	26	43	13	17	8	93	19	80	44	34	25	85	87	55	4	45	70	6	57	32	58	22	96	52	28	18	100	82	47	53	91	49	38	60	59	46
83	25	67	19	31	82	38	13	94	23	72	17	85	100	55	98	40	56	75	63	91	3	33	68	71	73	11	36	58	43	69	64	30	86	79	61	92	10	97	96	52	78	53	74	4	28	18	49	32	89	20	81	90	6	14	60	62	5	39	35	26	54	66	7	95	21	37	50	27	1	8	2	22	24	80	15	12	84	47	93	77	42	29	16	44	88	46	65	51	57	34	41	70	87	9	59	99	48	45	76
56	57	54	2	1	74	44	53	93	50	33	86	64	14	68	82	40	67	85	76	84	28	22	12	48	47	59	99	95	98	18	49	30	87	92	83	72	36	7	88	29	42	80	60	27	90	73	4	24	91	31	46	32	35	55	62	6	61	34	51	11	69	5	21	78	43	71	15	89	38	13	75	16	23	100	70	41	19	97	37	10	25	17	94	66	77	79	3	9	52	39	63	20	8	26	81	96	58	45	65
74	33	42	22	96	34	19	79	83	48	67	30	57	81	58	18	24	38	94	89	61	20	21	45	66	39	37	52	46	11	97	5	3	53	92	13	40	12	32	23	71	8	29	7	44	84	59	98	88	51	49	80	26	31	76	35	93	95	90	75	2	63	77	16	47	36	85	27	60	91	10	1	62	65	55	64	78	9	41	100	69	87	14	54	6	99	15	86	28	43	56	50	72	70	82	68	73	25	4	17
43	77	81	100	35	11	97	10	65	9	98	12	88	57	50	79	70	91	63	44	20	36	61	41	22	34	25	90	85	59	99	47	78	48	89	39	24	33	15	75	67	19	53	96	37	29	66	6	17	52	31	1	87	94	38	55	95	60	28	76	54	16	27	92	68	84	21	49	72	26	8	40	13	18	62	7	80	23	45	56	83	93	82	69	3	5	32	46	42	71	4	64	58	74	73	2	14	30	86	51
94	23	70	97	67	28	5	34	73	45	56	88	76	29	53	87	89	72	43	7	20	33	36	83	27	16	57	22	3	79	95	85	40	50	78	11	38	55	48	96	25	18	26	2	63	47	15	31	10	39	19	75	46	4	6	69	71	13	64	44	81	12	77	99	35	59	24	84	49	41	90	58	65	62	1	86	74	9	52	61	42	60	21	14	17	8	98	82	100	93	51	66	91	80	68	92	32	30	37	54
26	85	76	69	40	21	10	65	98	37	97	82	3	93	15	6	8	83	50	47	24	55	14	86	66	91	2	64	27	20	84	89	57	62	80	81	7	23	30	56	78	31	38	67	59	48	42	92	19	90	87	71	77	16	44	29	68	53	41	33	28	25	63	94	35	58	74	96	73	18	100	54	45	52	88	11	36	60	46	13	43	51	70	4	1	61	34	95	39	5	72	9	12	32	49	17	75	79	99	22
50	86	23	100	16	82	49	76	15	92	99	93	14	31	88	18	13	29	68	80	65	77	69	32	48	24	45	5	95	96	55	20	54	36	75	33	4	74	71	67	78	83	91	43	73	79	37	62	40	84	44	47	81	1	41	64	58	25	60	98	22	17	94	27	59	57	53	90	51	12	11	8	56	10	42	28	35	66	52	3	89	26	70	85	46	30	72	9	38	6	61	2	63	34	97	39	19	87	7	21
