100	100
39	32	33	35	38	33	40	12	33	31	38	19	37	28	35	32	38	12	40	39	11	39	25	38	35	21	35	40	21	39	35	23	29	33	35	12	35	14	22	16	30	17	34	20	27	35	28	19	24	38	37	12	24	40	23	37	33	33	29	19	15	32	14	31	37	11	21	35	27	15	26	16	31	35	30	19	15	38	19	11	12	13	24	38	23	30	24	18	34	29	26	27	31	25	17	13	40	29	13	40
25	30	20	21	29	28	30	27	28	11	13	27	15	21	35	27	25	22	40	18	38	11	29	15	38	11	12	17	23	34	33	12	34	23	33	29	32	11	27	36	32	30	34	40	27	23	26	22	33	20	13	17	23	32	27	20	27	32	29	32	21	30	33	40	14	12	17	12	35	35	17	19	28	18	21	11	24	12	26	37	14	33	13	27	34	40	15	13	19	22	35	28	29	31	21	22	19	12	33	15
36	22	30	32	28	36	39	13	28	18	28	35	37	21	20	34	14	15	29	14	21	14	12	40	37	13	21	25	22	17	30	26	40	12	40	13	39	31	36	40	17	26	26	22	38	32	26	34	21	39	40	32	12	14	33	21	40	36	31	24	32	13	37	36	32	39	29	20	31	19	40	29	19	28	11	34	23	21	25	20	13	20	29	38	34	15	29	26	18	14	20	28	27	27	20	26	31	27	14	14
38	17	31	24	19	20	25	27	24	33	20	25	15	18	31	22	27	30	38	38	37	19	33	16	37	34	14	40	21	17	25	29	33	16	32	33	33	32	23	15	18	23	28	35	19	17	34	15	16	14	33	11	39	14	29	27	23	37	17	25	34	35	36	30	13	39	28	28	36	17	15	19	32	30	38	14	18	30	22	25	39	40	28	22	28	27	12	26	29	26	38	27	20	40	27	19	17	25	17	16
23	37	33	19	36	36	22	18	14	31	31	29	22	18	23	11	19	32	19	24	25	21	31	29	25	28	18	31	11	34	40	16	37	22	30	30	35	27	28	29	13	39	33	23	15	40	33	33	20	19	22	31	21	26	30	31	24	14	33	17	28	22	36	18	37	25	14	16	32	16	23	35	13	33	22	15	20	23	23	18	13	29	29	40	33	15	31	31	28	28	12	21	37	12	23	32	18	27	23	23
15	16	31	18	15	34	28	39	39	24	20	15	28	21	16	23	14	27	23	38	39	30	36	24	22	38	36	13	23	19	22	18	15	30	28	16	38	14	40	24	26	34	20	40	24	30	12	16	37	30	33	34	11	35	22	25	23	16	24	39	32	40	18	22	24	27	20	16	28	39	40	23	27	30	32	26	17	18	30	20	21	25	20	19	36	36	15	18	39	28	30	40	16	19	11	34	24	35	22	22
12	11	26	40	23	26	31	23	25	13	36	19	37	39	30	34	29	38	29	15	22	14	39	12	25	40	28	20	23	30	33	21	22	22	40	39	20	31	34	40	11	12	29	22	34	21	33	29	37	29	37	14	31	36	22	40	37	19	26	40	20	39	16	38	14	17	34	35	15	18	17	21	22	33	35	15	25	34	39	20	15	18	18	29	30	17	31	36	32	17	14	21	31	17	14	34	26	31	26	27
22	37	35	39	13	23	38	25	26	24	17	38	30	37	20	23	18	26	20	14	20	26	37	27	23	11	38	21	38	11	16	17	13	30	36	37	25	23	24	31	13	30	24	13	35	36	37	21	12	32	12	33	28	40	17	28	24	15	12	29	23	20	29	34	12	18	17	39	22	24	21	27	21	21	23	11	32	35	15	38	38	27	17	34	12	28	12	34	21	29	16	32	23	37	20	38	38	31	21	38
33	35	16	12	30	14	33	29	14	38	11	27	19	30	23	33	16	34	25	25	13	27	20	19	22	29	13	15	16	18	25	25	33	15	11	25	22	18	29	27	11	32	30	18	37	40	20	27	24	34	31	24	39	34	35	17	12	25	20	17	26	31	19	29	22	37	12	34	36	28	37	31	33	14	13	35	18	28	27	15	14	34	20	15	17	25	29	17	23	31	14	27	37	11	21	22	34	24	38	21
38	18	32	38	38	32	38	29	31	15	17	39	30	14	36	18	29	27	19	40	40	25	40	39	28	27	35	32	25	13	29	13	26	23	39	15	39	33	21	24	31	25	31	33	14	35	39	11	19	14	25	12	36	32	33	34	16	36	19	12	34	30	20	30	13	35	37	26	29	37	14	35	29	36	14	26	27	21	30	20	31	15	27	14	36	16	12	32	18	30	18	30	13	14	30	19	14	31	24	29
19	38	25	11	30	28	20	21	24	38	15	18	14	28	25	21	16	24	19	33	40	34	34	29	24	12	26	17	24	21	33	27	39	29	12	15	16	28	38	28	17	22	38	19	33	27	40	20	25	27	21	25	22	13	20	17	36	12	11	33	33	37	26	27	36	26	33	35	19	40	12	30	37	17	31	39	27	22	36	40	34	30	26	13	16	32	25	28	11	16	33	24	36	28	32	32	17	13	14	29
37	15	38	38	23	16	21	18	14	33	14	33	28	24	27	34	29	24	17	36	38	25	17	39	21	14	23	23	28	28	14	12	17	40	35	14	12	32	29	40	28	29	18	27	18	14	13	20	18	26	16	14	18	38	26	27	13	16	19	26	33	34	17	14	11	39	19	19	30	20	17	11	18	18	31	13	40	18	34	13	34	28	39	40	17	26	21	31	14	23	32	20	22	25	20	23	25	11	23	34
28	23	18	12	23	40	31	13	22	14	25	40	12	28	22	27	12	16	16	35	22	39	36	14	22	30	24	18	31	24	32	23	39	31	18	12	21	12	33	40	37	38	29	18	40	31	11	11	31	18	20	36	32	25	38	33	29	22	19	21	11	30	38	40	25	37	37	11	34	28	23	23	22	31	23	31	15	27	33	31	40	35	39	22	15	14	15	12	14	12	38	33	11	26	35	24	27	19	21	31
29	22	12	38	26	32	20	31	16	31	38	12	11	25	22	13	23	19	25	35	34	39	25	25	34	23	24	22	13	13	40	21	35	26	26	37	26	12	34	23	23	40	18	29	30	18	22	25	35	20	30	12	27	32	23	27	13	19	18	18	23	22	25	37	38	18	12	37	21	17	21	23	34	20	36	29	34	37	39	11	30	22	26	31	27	30	22	24	32	27	19	32	30	40	25	29	29	33	40	37
25	23	16	40	13	11	40	37	27	31	27	15	25	27	23	38	25	17	16	36	22	24	15	22	24	11	12	40	27	35	20	35	19	12	35	24	33	38	13	35	31	11	34	32	38	19	28	38	18	40	16	12	32	15	23	13	37	18	14	16	20	29	12	23	16	38	34	23	33	28	26	35	22	30	34	39	40	11	25	16	13	34	40	26	12	28	35	37	29	38	34	13	39	28	37	27	32	34	35	39
38	11	40	23	15	20	40	33	23	20	29	28	14	39	22	35	30	38	15	19	14	20	15	35	28	12	20	13	30	39	22	18	15	14	16	22	11	16	16	17	18	20	34	25	34	20	29	27	36	11	16	11	34	33	32	13	31	34	27	29	12	20	30	18	14	35	13	33	39	38	18	14	38	36	12	18	25	30	22	40	36	27	29	26	11	31	32	28	25	25	30	29	33	21	19	21	34	33	19	13
28	31	34	20	13	22	17	30	14	30	29	25	19	15	15	24	22	24	28	29	26	30	21	15	40	29	11	12	11	20	25	30	28	38	27	27	19	21	17	30	22	39	12	23	24	33	27	15	32	11	29	34	23	28	33	22	23	16	16	19	26	27	14	32	15	30	18	35	26	11	35	16	27	39	32	34	36	22	12	36	22	29	25	35	31	18	29	19	22	12	22	16	14	33	38	11	25	12	17	38
11	24	39	12	21	26	37	32	40	19	24	22	11	35	38	33	23	38	17	29	33	11	15	28	15	26	22	11	31	27	35	23	17	18	27	21	30	35	39	33	28	27	37	34	17	35	23	17	17	15	29	31	34	11	25	39	18	33	16	27	21	21	24	36	26	28	36	30	34	21	21	20	38	36	31	29	39	33	23	21	33	14	19	25	24	21	11	32	19	31	18	37	24	31	38	26	28	23	21	35
18	40	15	22	16	38	15	15	26	15	22	20	36	16	18	19	32	15	26	39	36	29	25	38	39	22	18	22	29	39	16	39	13	23	32	30	13	33	21	34	29	37	19	31	29	21	20	37	18	28	32	33	11	28	29	29	19	20	40	40	35	25	28	20	38	13	27	12	12	17	32	30	31	11	32	18	30	15	25	31	40	17	11	28	12	30	37	27	32	40	25	17	21	21	38	24	15	33	40	27
39	38	14	35	26	20	13	28	21	30	37	38	37	20	21	32	40	24	17	33	39	24	34	23	29	24	11	34	35	37	12	33	12	32	40	31	34	32	12	22	34	35	22	33	17	33	27	36	16	34	24	12	40	35	31	26	34	19	27	22	26	24	25	19	22	28	40	14	16	37	13	16	23	37	29	28	35	16	37	13	25	17	13	38	38	23	28	13	37	23	33	33	19	40	23	30	28	16	39	19
23	35	26	33	35	40	31	19	15	32	30	23	40	19	17	14	31	34	37	26	13	35	27	28	17	37	34	30	18	16	17	20	15	34	33	38	23	16	14	16	19	29	16	37	27	18	12	19	16	12	12	35	23	33	39	40	38	17	11	33	23	38	33	15	35	39	20	36	20	20	37	24	16	40	12	19	36	37	37	15	24	28	23	12	35	25	36	30	40	33	33	35	14	33	20	32	29	11	22	21
38	16	11	20	31	14	31	18	35	31	32	22	25	28	30	36	25	23	34	25	23	24	19	15	37	13	25	18	35	16	36	34	20	12	35	32	29	29	15	15	32	33	12	35	13	40	11	28	18	26	19	21	14	40	14	19	11	40	36	15	11	16	15	25	39	15	12	13	27	32	27	31	13	34	37	39	34	19	21	37	17	28	37	40	26	14	15	35	21	14	38	40	40	33	19	39	28	12	40	33
18	14	33	19	27	36	24	33	37	23	20	33	16	34	15	11	39	31	39	39	24	36	22	17	20	26	35	15	36	17	11	29	35	40	20	21	32	21	18	20	36	14	36	29	27	25	17	22	24	11	27	18	27	17	19	22	34	16	30	40	15	16	32	31	32	30	39	12	15	40	28	32	33	14	18	26	33	12	31	20	36	24	26	28	22	31	15	39	11	15	25	24	26	32	29	36	30	30	23	30
36	31	27	20	24	38	23	21	19	14	34	23	34	20	27	29	35	14	31	37	36	35	36	16	34	39	29	37	37	24	21	34	34	27	13	33	37	29	30	37	36	36	12	24	29	39	39	24	17	20	24	27	40	19	24	24	34	30	18	38	28	23	13	18	29	16	35	27	38	24	20	26	39	32	16	29	16	22	34	30	35	18	22	18	34	17	35	15	30	14	40	27	40	22	32	27	32	11	20	27
40	27	32	39	17	34	17	40	26	23	11	19	19	30	27	34	30	37	19	22	29	34	20	16	30	24	23	35	26	36	25	40	37	31	25	30	20	11	17	21	20	16	30	21	32	15	23	26	12	20	22	15	32	36	37	14	37	27	15	14	18	32	16	35	28	40	20	30	36	25	31	31	32	16	31	28	27	14	33	26	34	32	24	21	33	35	22	38	12	35	28	37	29	38	32	35	40	18	21	19
18	32	37	37	35	16	36	18	15	29	25	15	39	36	16	20	40	15	31	11	31	16	37	15	23	33	30	14	14	40	23	20	25	29	11	37	30	19	17	38	34	15	25	38	18	23	22	37	33	18	12	33	33	15	28	23	29	18	22	21	32	16	32	38	32	37	16	18	27	36	29	29	28	30	35	28	20	38	37	22	11	14	37	22	27	20	23	12	28	17	36	26	31	28	30	16	15	25	14	31
32	39	18	37	13	14	21	22	26	15	14	11	26	24	34	28	22	25	22	16	17	30	12	36	35	18	31	36	29	25	35	26	31	38	18	22	28	23	37	40	36	37	37	20	39	19	18	37	15	29	22	32	32	32	24	14	14	35	23	13	21	14	32	38	19	19	28	24	39	32	15	17	35	25	39	25	11	38	37	33	20	29	12	20	19	40	23	18	19	30	15	18	33	25	11	16	15	11	26	13
33	30	18	35	11	34	36	21	36	13	27	38	34	35	12	22	22	13	14	38	31	28	18	40	30	29	16	13	23	18	15	30	38	13	37	26	21	27	14	21	25	29	40	18	13	26	21	25	28	18	25	17	37	15	17	14	23	18	39	39	19	24	30	34	14	18	28	19	25	16	34	20	15	26	33	16	23	26	27	21	21	38	33	30	34	38	14	38	25	35	22	19	12	13	31	11	29	30	13	32
20	13	35	27	23	29	33	11	12	31	33	23	21	13	19	22	34	18	12	37	13	36	38	28	31	33	27	37	32	26	19	36	22	21	21	14	19	19	37	29	17	12	14	28	30	32	15	40	30	25	14	24	31	27	13	22	20	36	26	19	21	25	31	13	25	27	19	22	31	36	34	39	18	20	27	28	18	34	27	31	26	15	36	35	14	20	32	27	12	11	30	14	15	36	37	40	22	32	27	25
12	15	13	22	28	19	29	32	21	23	12	36	28	36	32	16	13	29	12	22	18	36	14	28	40	32	24	18	30	12	31	30	24	24	35	25	34	17	38	40	29	40	19	11	40	16	34	13	26	28	18	28	22	11	16	20	35	20	11	11	12	17	12	20	17	20	11	13	11	38	13	14	34	20	31	35	12	27	19	36	21	26	34	30	37	18	39	30	12	15	16	11	28	14	20	22	26	22	33	14
24	37	20	27	12	26	26	25	17	35	28	33	35	27	35	16	39	15	23	26	27	28	16	30	24	15	37	35	27	13	13	13	30	21	24	19	19	18	28	39	15	30	35	29	31	35	15	15	27	30	27	17	32	13	21	38	16	16	37	15	24	23	15	20	28	35	25	38	20	20	22	13	14	16	20	20	40	24	24	40	27	16	39	29	25	22	37	24	18	38	14	37	24	22	25	29	11	16	31	26
22	21	14	38	23	13	39	23	25	21	40	36	23	16	19	34	31	17	23	23	39	31	23	39	23	15	17	12	31	38	22	22	35	34	28	21	14	24	25	36	33	14	39	26	26	23	15	31	20	28	16	26	15	12	33	22	28	26	21	28	14	31	21	25	14	24	13	39	24	33	25	26	23	29	30	24	17	40	17	18	38	40	16	32	26	16	20	39	24	16	24	39	36	23	30	24	27	37	18	35
29	39	20	13	35	36	14	33	34	32	37	18	39	27	12	27	25	21	14	32	20	28	38	21	13	19	20	22	27	40	14	22	18	33	34	12	25	18	33	21	22	35	26	29	22	27	13	39	27	32	18	17	14	23	40	40	18	34	31	32	35	37	28	38	28	18	29	30	36	16	28	15	24	12	17	24	22	14	11	25	26	22	36	16	22	22	36	28	32	15	24	21	32	38	36	13	38	35	12	15
38	39	23	38	39	39	26	34	31	31	26	27	26	30	11	37	30	31	16	23	29	14	36	32	31	40	11	37	11	31	26	30	16	12	14	29	34	25	37	37	12	24	16	18	33	38	38	22	26	18	31	30	29	13	26	11	33	30	14	12	15	13	24	39	34	12	22	33	12	37	13	17	13	23	19	35	23	26	18	35	27	29	14	26	19	17	31	22	17	24	28	33	30	35	21	34	36	28	26	21
35	33	32	16	18	27	36	12	16	34	21	30	24	30	32	28	20	19	26	40	14	28	35	14	16	40	12	38	32	28	27	37	26	34	36	34	11	37	12	38	37	38	36	31	21	29	37	15	25	32	32	13	27	12	19	39	13	36	26	35	32	28	14	36	16	17	22	18	23	35	33	37	24	29	34	38	36	12	20	15	27	35	18	19	25	17	30	35	32	18	35	35	18	26	24	20	33	18	17	39
13	23	22	18	37	34	16	31	12	35	26	11	16	25	11	28	33	38	38	40	32	15	22	24	40	24	17	17	20	26	27	19	11	18	28	27	20	12	40	29	28	28	35	26	22	34	31	12	26	38	32	38	38	40	38	33	11	31	34	35	27	40	12	21	22	36	25	19	27	22	11	27	26	29	31	23	17	24	19	22	17	25	22	35	22	30	40	25	32	30	29	30	13	30	35	25	15	33	25	34
32	36	22	31	20	19	19	30	14	27	31	15	33	31	28	36	33	15	16	28	40	28	33	24	36	25	19	21	26	31	11	19	39	34	12	22	17	39	14	29	17	30	33	25	40	37	19	17	15	37	26	17	35	18	14	23	39	32	14	37	16	14	20	34	39	27	28	28	17	13	40	35	28	29	32	15	23	13	11	18	20	30	21	14	32	26	18	40	35	24	14	34	17	35	16	38	11	35	22	31
23	18	29	29	19	31	21	30	39	36	21	28	25	29	20	37	15	21	17	34	39	12	20	16	18	35	39	12	18	38	36	26	27	35	22	30	38	13	38	19	34	27	14	32	29	23	34	16	29	29	29	18	27	20	28	21	21	21	16	20	21	18	31	28	34	25	24	40	11	37	27	36	25	38	37	32	29	39	15	11	39	22	30	20	15	31	25	22	34	35	29	17	32	24	19	34	38	11	31	21
24	36	31	27	28	28	38	13	17	40	32	31	30	38	14	33	21	26	27	20	31	16	20	35	28	28	34	38	35	37	33	27	29	29	38	13	22	27	28	19	39	31	35	13	28	36	20	12	20	14	19	14	19	23	20	34	12	34	16	18	14	24	38	15	11	34	34	27	17	13	13	24	24	13	31	22	34	24	27	21	15	12	12	26	40	30	39	28	28	11	40	33	32	20	23	13	31	14	11	11
28	20	35	14	13	22	14	40	17	16	21	27	20	17	39	37	11	17	18	11	31	28	30	26	24	36	15	39	38	29	11	35	31	17	39	37	29	31	18	23	17	33	26	32	18	33	29	13	18	14	39	12	27	37	28	21	32	24	16	27	15	19	28	23	28	34	27	33	28	33	11	14	34	30	39	29	27	26	31	11	40	38	28	17	23	31	11	15	30	14	15	22	12	37	14	17	34	30	25	25
29	32	33	36	21	27	28	13	34	30	17	32	23	38	26	33	26	22	18	27	12	24	17	18	32	11	40	21	33	40	14	33	17	37	21	11	38	33	24	34	25	29	36	28	24	22	38	15	36	12	27	20	14	32	32	18	37	29	25	24	33	35	17	35	24	31	32	13	27	38	38	22	40	23	29	19	21	26	31	25	18	32	35	31	32	19	35	27	17	15	13	32	28	19	28	16	31	30	34	16
32	31	14	32	36	14	32	11	12	16	34	38	37	33	20	29	21	23	33	16	38	36	20	29	29	16	26	30	26	21	12	20	39	27	26	39	32	40	20	13	20	21	17	12	37	36	36	37	12	36	14	29	24	27	11	28	22	34	25	22	30	26	27	34	40	39	29	29	40	15	28	32	40	38	27	17	20	15	30	14	25	25	32	21	27	27	12	18	12	28	25	39	38	38	40	27	13	33	13	26
15	13	25	37	35	22	19	14	20	39	13	17	33	35	36	37	39	17	11	37	22	21	11	19	26	19	25	36	11	29	11	17	20	27	27	13	17	21	36	17	26	16	11	20	40	19	23	36	27	18	12	34	15	25	13	27	24	38	21	15	27	37	35	37	36	14	22	24	15	40	17	38	12	14	33	40	18	16	23	31	28	29	37	28	30	26	32	39	23	32	40	37	38	18	25	37	36	33	26	28
36	17	25	27	18	23	29	39	14	33	38	38	17	23	32	37	26	30	28	12	19	39	21	35	20	22	37	29	32	33	19	17	19	35	32	12	36	40	13	14	35	34	31	34	36	37	39	35	29	33	24	38	40	29	18	33	23	16	23	11	11	21	25	21	28	21	28	23	25	24	21	23	39	18	19	19	27	35	30	20	19	27	14	32	39	17	33	23	13	22	18	27	21	15	27	20	27	26	28	37
14	14	37	39	40	12	20	32	32	29	26	33	15	27	40	21	37	25	39	26	13	27	34	34	33	29	17	19	37	21	24	11	13	18	27	40	30	39	27	29	20	22	29	25	12	18	38	15	38	37	27	12	33	12	18	17	17	16	19	18	34	26	11	38	21	14	40	25	19	24	26	28	38	35	12	19	38	19	24	39	26	25	37	13	40	37	39	32	31	18	16	23	23	31	19	19	25	12	28	29
36	27	38	37	12	21	34	30	39	27	17	12	38	28	37	17	18	39	13	35	15	29	35	11	22	12	11	33	38	16	32	11	13	31	21	37	29	30	36	39	24	12	38	31	13	35	20	31	24	17	21	40	17	27	34	29	36	16	40	14	15	17	27	27	13	31	23	28	28	26	16	13	20	31	22	28	23	15	15	16	23	30	32	40	25	26	35	19	13	40	27	22	33	12	36	23	38	36	25	29
15	15	22	31	34	16	13	21	11	14	15	12	21	28	23	38	32	24	12	17	40	21	31	16	25	15	16	32	22	20	32	11	16	18	40	24	13	34	28	23	32	16	12	24	18	35	22	28	38	29	31	31	39	17	39	38	31	19	12	21	20	26	37	32	22	30	17	26	24	31	35	12	35	19	32	30	38	18	21	30	34	14	25	35	35	17	34	36	31	15	16	39	21	12	18	32	17	21	30	38
35	38	40	31	15	38	37	25	32	13	17	19	32	21	23	24	23	32	22	34	36	22	13	20	18	17	17	13	25	24	17	22	11	35	36	40	20	23	40	23	35	29	20	12	16	33	13	34	39	34	34	32	13	25	16	17	38	40	39	24	36	28	24	11	34	40	21	16	22	20	20	34	31	16	33	28	30	14	37	16	11	28	22	25	37	35	38	16	40	29	31	30	39	24	11	20	33	39	11	11
23	29	20	38	15	33	18	38	28	39	13	15	37	40	33	16	14	11	40	37	21	36	35	22	37	28	39	23	37	25	36	20	18	36	24	29	31	40	12	18	35	38	20	17	37	32	38	32	12	23	15	29	31	31	27	29	39	34	40	36	18	36	13	33	20	11	27	26	20	13	25	27	30	40	30	37	40	18	17	22	22	21	37	38	29	25	33	22	40	36	27	19	13	11	30	11	36	22	26	13
34	36	17	32	16	35	12	19	19	13	40	19	15	28	21	27	25	19	38	26	39	29	37	11	26	30	21	32	14	23	26	29	11	35	25	23	30	19	24	24	22	17	19	38	36	34	38	34	37	38	38	26	28	25	36	13	22	40	31	19	19	30	25	23	14	33	21	36	31	13	33	32	25	29	31	36	30	16	32	24	17	27	16	23	30	37	12	24	30	27	22	30	30	17	36	16	32	33	32	28
33	26	15	39	24	26	30	28	21	33	17	14	12	13	25	33	35	31	23	14	17	22	15	34	28	23	28	32	26	18	20	15	16	20	18	18	23	16	13	13	16	13	28	27	23	25	23	28	13	34	14	40	33	16	18	28	36	35	24	25	28	31	29	11	26	28	22	36	38	22	30	25	29	23	24	20	17	35	11	18	25	25	23	18	14	25	11	38	28	34	40	11	16	29	27	39	24	18	20	27
13	26	12	32	25	12	15	20	16	24	30	38	16	20	23	13	12	39	31	15	34	39	19	17	26	23	34	15	38	34	14	29	31	24	28	28	20	33	20	17	20	15	25	32	22	15	36	39	29	31	13	30	29	18	28	21	37	12	36	32	31	30	37	22	12	40	18	19	39	39	33	26	27	28	32	35	33	25	23	33	19	15	39	26	27	15	36	27	28	25	35	40	19	30	18	32	36	20	17	18
34	37	19	12	22	35	15	30	13	32	34	19	14	26	23	34	15	32	12	24	12	18	40	11	31	31	33	25	19	32	14	31	31	19	30	33	27	17	31	12	29	31	28	25	18	14	33	35	23	39	22	16	15	34	27	40	11	25	39	32	31	27	37	25	34	14	34	34	27	22	29	20	37	11	36	24	40	11	33	15	39	34	34	33	14	21	19	30	35	37	28	32	40	14	38	12	26	33	15	37
37	24	14	18	25	37	24	37	26	39	20	36	14	20	37	39	27	29	15	21	14	12	13	37	25	38	33	11	33	28	38	12	32	38	23	28	39	26	32	34	19	14	33	38	39	11	15	21	34	35	14	26	35	11	21	24	17	12	17	38	23	21	36	30	21	16	17	20	23	13	39	27	12	12	16	37	11	18	15	37	13	29	28	29	33	19	16	17	13	30	38	39	33	39	14	22	32	29	20	39
37	22	20	35	40	14	37	23	39	33	24	37	38	31	19	38	13	33	33	34	38	23	32	34	32	13	39	15	35	13	17	29	27	26	37	17	37	16	36	34	35	24	40	12	16	37	19	19	27	32	20	35	17	26	31	27	37	39	34	19	12	20	21	28	17	35	22	34	32	21	36	24	34	26	25	20	31	15	29	31	37	12	15	38	25	40	31	25	11	19	25	17	35	23	20	14	33	16	38	32
24	20	22	15	39	28	28	29	29	40	16	40	13	32	30	14	37	12	27	29	14	25	27	36	13	17	39	40	13	34	18	30	21	35	20	24	27	26	39	18	18	17	34	36	28	19	15	16	20	16	38	11	11	18	37	13	31	13	14	35	13	16	27	28	23	13	31	23	35	23	13	34	14	35	17	17	13	26	14	37	20	19	29	12	20	29	33	15	20	20	14	21	22	21	21	18	26	13	40	20
13	36	29	17	20	12	26	24	31	34	24	11	28	19	31	20	28	24	31	22	17	32	40	12	17	25	23	13	16	38	22	21	16	38	38	37	24	12	12	38	23	29	12	14	13	17	24	31	38	24	28	37	37	19	39	27	19	32	15	11	31	35	29	14	30	22	24	36	14	18	12	27	32	32	21	31	21	33	22	13	36	24	39	38	22	40	35	34	36	40	40	38	38	29	33	25	39	19	19	23
20	20	32	17	30	15	23	28	35	16	24	32	31	39	32	25	36	30	24	32	27	38	23	40	26	24	38	22	25	36	16	16	27	13	38	27	17	15	35	22	18	28	13	38	24	32	31	14	24	21	31	16	35	22	16	15	12	40	11	30	23	39	21	22	19	15	39	21	32	20	28	20	13	30	34	34	23	26	37	17	33	30	35	19	39	28	20	28	29	16	23	25	30	40	27	18	11	30	37	37
14	28	26	25	37	38	17	39	23	26	13	36	30	12	16	26	12	18	30	21	18	39	32	20	31	14	26	14	27	40	13	13	21	22	16	28	18	13	20	16	16	38	26	11	25	31	23	34	13	26	39	28	14	34	22	37	39	13	19	25	20	32	22	28	18	33	33	30	21	34	37	16	18	38	17	31	20	31	37	28	14	38	39	31	27	28	13	18	14	18	33	26	15	18	33	29	37	18	25	31
17	29	36	28	31	15	40	11	15	33	40	35	27	36	23	13	15	37	32	39	23	29	30	22	32	23	28	24	17	35	34	35	30	21	29	20	13	13	13	29	19	19	20	38	27	15	37	20	23	34	34	16	39	20	22	32	38	30	17	30	14	14	14	31	14	33	31	15	31	20	13	26	24	27	19	35	29	37	14	25	24	38	14	22	28	25	27	24	14	27	23	13	40	27	35	28	29	23	29	20
16	22	33	18	12	33	26	32	27	28	34	12	29	19	25	23	22	16	20	31	39	39	27	16	32	26	38	38	29	36	21	11	35	39	31	36	23	40	22	26	14	29	20	32	33	26	40	38	27	36	22	15	32	33	38	38	30	32	14	14	36	23	24	39	15	24	11	25	40	14	39	31	37	31	19	34	28	13	24	24	25	27	36	17	12	21	38	16	25	16	39	14	29	26	28	24	14	32	26	14
12	33	30	26	22	24	24	15	13	24	16	11	15	14	33	38	32	15	20	23	13	24	29	31	21	27	29	38	34	37	31	13	19	26	33	35	27	18	18	17	40	14	19	36	22	16	15	36	15	11	31	21	31	37	32	15	30	26	29	23	28	20	35	12	12	13	19	16	40	27	14	30	22	33	27	26	22	39	18	27	23	12	19	25	14	20	18	33	11	37	12	35	22	24	29	31	24	29	29	39
16	25	30	19	26	27	18	16	33	24	23	17	29	20	37	21	28	36	23	18	26	15	27	14	27	17	37	18	23	18	16	36	11	23	30	33	11	19	17	40	24	25	40	33	32	31	17	38	37	22	32	13	31	33	16	11	24	21	31	22	39	26	21	20	31	21	29	38	38	11	21	23	33	25	39	16	18	20	14	17	26	13	19	25	32	23	32	19	27	31	34	37	19	15	32	26	29	12	23	17
27	12	29	38	16	27	11	30	18	11	39	32	24	22	27	24	26	31	12	31	12	26	22	37	20	28	40	22	36	18	20	19	26	32	35	34	15	39	33	21	37	40	11	23	16	25	16	13	36	34	27	34	12	17	27	25	23	20	40	27	32	21	17	37	21	35	24	24	15	17	22	35	19	20	22	28	16	25	18	39	25	33	38	13	14	22	27	27	35	38	37	25	12	18	22	23	20	26	30	31
11	25	30	11	37	19	22	24	21	35	22	17	31	12	36	26	40	19	33	26	30	37	25	34	15	16	37	16	14	35	19	37	26	11	20	27	13	23	27	31	21	38	35	40	29	32	26	39	26	40	23	37	16	34	40	33	29	14	38	23	26	35	25	39	29	37	30	21	34	30	25	26	27	22	39	13	20	15	34	37	18	17	32	16	25	15	31	11	19	26	11	19	15	36	13	32	19	11	16	28
22	16	20	16	12	18	39	12	34	20	26	15	30	18	25	15	27	33	38	34	38	14	25	25	19	30	26	30	38	24	17	16	40	35	20	37	35	17	19	22	17	18	14	23	40	34	24	39	11	15	18	13	18	27	28	14	33	28	13	30	39	24	21	24	40	25	21	39	35	30	39	33	39	36	22	38	35	13	24	14	25	29	11	23	17	34	35	11	34	27	23	14	26	23	15	27	11	21	33	18
21	17	17	17	16	32	22	24	28	16	26	20	37	17	26	13	24	17	20	39	38	29	11	38	28	12	23	18	18	11	16	40	32	27	17	24	16	39	20	11	39	38	16	35	29	24	16	16	13	26	21	33	35	26	36	15	23	28	11	21	11	33	30	34	15	35	34	36	31	38	26	16	30	15	36	13	28	16	30	24	34	28	20	15	33	18	23	35	27	18	34	22	21	36	33	26	18	30	32	14
14	15	11	18	36	23	32	12	37	11	25	32	12	29	20	14	34	29	27	34	11	39	33	12	24	14	39	34	36	25	23	28	15	21	35	26	28	39	27	20	35	23	32	34	23	16	15	22	16	14	19	26	34	37	40	25	20	22	18	15	22	29	22	12	29	16	17	37	17	23	16	11	21	12	19	37	28	27	27	19	35	14	38	37	18	11	24	22	13	27	12	29	13	38	12	23	23	19	33	15
37	29	35	15	25	17	14	11	33	35	17	23	14	20	35	12	25	39	20	28	22	22	32	38	23	35	13	32	36	14	19	29	25	15	12	16	23	14	22	25	15	40	32	30	18	35	18	32	32	34	25	28	23	40	24	28	24	38	12	28	27	36	38	33	23	21	26	39	40	38	30	18	35	34	26	17	15	14	27	14	27	37	20	21	35	13	29	24	37	12	11	16	15	21	27	18	13	37	12	31
22	17	20	24	36	37	23	21	36	36	12	25	22	12	34	12	27	31	26	32	38	37	19	20	39	17	35	25	23	18	22	39	29	12	18	34	19	28	33	24	22	24	34	32	22	34	32	14	29	16	30	26	34	22	36	39	22	24	26	31	36	18	37	18	21	14	15	26	34	24	33	20	15	34	32	16	25	28	33	31	15	14	32	31	35	16	26	19	22	22	34	40	14	32	26	38	31	29	33	26
27	27	23	23	28	19	12	11	11	40	38	26	38	33	35	31	31	39	14	12	24	24	36	14	14	33	30	29	36	37	17	29	38	38	37	17	36	33	26	33	20	24	40	27	40	33	35	35	12	16	37	13	13	36	25	12	27	24	28	27	31	24	31	36	32	16	38	35	38	23	29	35	32	27	35	34	38	30	12	36	12	23	38	28	36	15	15	22	30	29	34	25	11	13	24	20	39	21	24	31
16	40	30	12	31	32	19	33	39	12	11	36	30	35	22	27	14	17	26	14	28	13	16	37	34	38	24	39	32	26	12	40	13	31	14	40	12	13	14	25	39	40	18	13	27	37	31	27	29	25	35	14	12	28	31	34	16	37	28	30	36	13	13	13	22	38	37	20	35	35	17	12	34	24	35	17	33	22	14	34	20	28	22	35	30	28	32	20	29	28	40	39	29	13	19	33	15	21	37	21
37	16	21	33	12	29	36	15	28	30	36	22	40	31	34	26	33	26	23	34	33	39	38	19	28	11	40	16	32	16	26	31	14	11	23	19	14	26	33	26	37	21	24	17	40	12	23	31	36	11	23	34	39	36	21	16	18	18	30	28	11	28	15	21	24	19	11	32	15	38	15	14	30	37	11	25	22	32	14	34	30	27	31	36	38	33	11	24	40	11	18	39	38	11	33	37	18	20	36	33
28	35	24	12	35	15	31	20	12	23	11	17	37	15	31	25	35	40	34	15	11	16	24	36	35	11	21	16	22	25	31	11	34	21	11	35	25	11	26	18	13	27	15	19	25	33	23	29	29	21	16	20	23	19	37	34	22	16	22	18	33	25	17	34	40	27	11	20	33	27	33	29	29	11	19	15	38	12	32	26	28	21	20	20	25	19	32	39	21	39	38	16	30	38	17	17	26	11	34	12
17	35	12	17	37	33	14	26	24	21	40	23	18	16	22	23	13	38	29	22	27	19	21	16	14	22	16	36	19	11	40	40	27	25	15	16	33	23	26	25	34	36	35	35	36	14	34	12	13	17	28	20	11	29	37	22	29	12	34	21	30	13	11	40	28	30	22	15	11	26	11	11	38	22	14	36	15	31	18	33	13	32	18	23	30	35	28	36	11	16	36	23	25	23	28	36	34	32	27	26
19	28	23	26	13	26	17	39	32	28	32	37	26	30	32	24	35	24	25	34	33	40	11	23	19	32	19	33	40	21	28	35	15	35	29	40	40	38	37	15	38	35	17	22	32	25	16	37	31	39	11	30	40	15	18	40	12	38	12	37	22	19	15	21	14	19	11	35	24	13	20	36	20	38	35	20	20	31	28	11	27	18	13	24	40	18	12	36	19	23	35	29	21	21	17	17	27	23	34	28
31	16	30	21	13	25	34	31	29	28	37	40	23	13	38	28	33	12	20	28	29	26	40	15	30	19	39	38	32	31	26	32	12	28	36	25	17	26	15	25	19	17	14	35	18	32	34	14	15	21	29	31	35	32	27	29	32	17	25	18	16	28	27	37	11	39	38	14	15	17	23	18	29	31	13	28	19	27	22	23	25	20	14	18	17	15	18	23	18	36	21	37	35	26	12	20	20	32	22	33
36	26	29	21	34	15	30	18	40	25	35	18	24	15	33	18	11	35	32	11	35	22	36	15	12	29	24	12	11	28	31	22	27	31	40	15	21	13	11	26	11	27	16	18	38	26	36	36	16	14	37	21	14	17	21	34	33	36	34	34	11	24	13	38	39	29	17	20	11	32	13	11	27	19	34	35	37	40	12	27	23	40	30	19	25	29	15	23	25	30	39	31	18	35	28	15	13	35	35	11
22	39	15	23	39	34	17	24	27	24	27	38	11	39	23	11	37	20	39	16	35	38	19	13	15	18	33	20	40	27	28	19	12	21	31	18	16	20	16	25	40	27	22	34	12	40	20	33	26	21	34	17	14	15	11	24	28	22	26	26	12	28	30	39	33	14	16	25	20	33	33	26	33	13	12	39	36	22	16	36	14	23	16	17	26	13	26	25	12	14	23	39	23	19	29	25	15	26	39	18
19	21	28	34	29	36	25	28	35	33	22	34	36	12	22	20	24	23	28	39	19	14	32	28	19	12	20	18	16	21	26	38	14	15	35	32	24	15	33	15	28	20	37	29	24	37	17	16	28	40	23	15	18	30	11	16	28	14	20	30	24	17	32	19	14	16	37	34	23	19	22	21	39	34	34	26	24	21	12	35	13	14	16	27	12	15	15	25	34	24	31	36	22	37	19	27	31	25	33	14
16	28	35	35	13	26	25	21	20	24	40	24	20	33	23	27	38	39	16	13	15	34	37	11	31	15	26	37	17	29	38	33	34	33	33	34	40	15	18	22	18	27	33	15	33	16	27	24	21	32	28	27	30	34	25	14	32	33	35	34	21	17	12	23	31	40	23	19	31	30	17	20	19	23	37	11	20	26	19	31	39	40	28	23	38	21	23	40	17	32	37	30	40	27	38	23	12	22	24	38
35	29	29	40	20	11	34	23	17	39	17	32	25	40	22	24	30	39	26	19	36	20	40	26	38	26	18	15	23	18	17	37	20	38	16	15	15	25	36	11	21	25	40	32	35	16	26	16	32	29	40	40	26	18	18	33	36	19	18	24	20	26	15	21	40	40	26	24	35	25	12	33	11	31	30	26	25	39	37	37	26	17	31	28	34	13	28	32	22	35	15	34	33	20	13	25	19	39	11	36
22	17	22	29	12	11	18	19	17	24	30	20	37	30	24	33	34	21	19	29	37	19	22	22	25	34	23	25	37	17	21	18	18	37	15	29	25	18	25	31	25	40	39	12	39	11	26	31	26	11	24	14	11	16	14	35	34	27	37	32	22	37	11	13	22	39	18	31	30	32	23	23	17	32	40	31	15	31	40	15	28	16	12	15	13	20	29	11	17	12	31	21	28	30	37	15	12	35	13	29
19	20	30	28	24	26	38	35	38	35	36	20	14	26	27	31	22	33	22	26	16	27	27	40	16	16	32	14	24	34	33	12	38	29	15	20	20	37	25	20	40	12	34	30	21	37	34	22	40	36	38	11	32	39	19	15	27	36	29	38	34	12	14	33	33	32	25	37	28	35	18	34	17	36	19	21	34	18	33	31	16	23	20	14	27	11	11	22	15	18	30	38	17	27	27	17	14	12	29	37
29	19	22	33	26	20	23	39	28	32	13	28	37	23	36	26	34	29	17	25	30	38	26	14	27	35	40	11	13	11	33	29	21	20	22	33	24	28	21	35	27	17	32	31	28	20	16	22	12	36	25	30	17	36	16	23	13	20	27	21	26	19	33	22	21	21	18	29	28	36	31	18	21	38	25	19	28	21	31	14	37	32	13	11	37	15	31	11	24	12	25	28	39	17	11	31	29	13	26	31
28	21	32	26	15	33	35	40	12	21	30	15	34	35	37	23	27	31	34	19	39	24	40	30	18	18	35	28	16	15	38	25	34	39	23	13	21	25	15	36	21	31	26	17	33	27	21	18	11	11	28	16	38	30	40	22	32	29	34	11	21	13	28	21	35	25	29	37	17	18	23	25	21	18	38	24	34	38	40	21	30	35	40	30	26	27	12	13	40	26	25	32	15	35	18	33	12	12	15	23
13	33	18	19	18	30	12	12	13	17	13	28	16	27	22	40	30	37	13	20	22	31	26	27	32	34	30	19	32	36	39	20	36	27	17	23	35	25	24	23	15	29	31	18	30	27	27	34	29	40	16	29	36	13	37	29	28	19	14	13	21	16	20	30	28	24	16	20	21	27	20	40	20	28	40	20	17	13	31	12	15	29	27	19	30	16	35	25	24	13	32	22	11	18	24	30	37	15	34	34
26	21	25	24	38	27	34	37	37	24	34	23	15	24	14	25	29	12	12	25	33	32	23	29	22	22	26	24	33	21	34	17	23	26	15	18	22	28	29	39	38	20	35	21	15	33	30	24	25	28	40	37	31	28	30	27	18	19	11	14	23	39	35	40	30	22	25	39	27	34	31	21	14	26	34	13	27	29	38	28	18	14	29	16	15	27	11	27	36	32	36	39	29	14	13	20	20	27	27	22
14	38	21	36	31	27	39	38	22	12	32	33	39	31	26	31	12	35	11	31	25	28	31	26	36	16	28	23	40	18	17	20	15	18	20	14	11	33	12	12	18	25	30	24	26	35	22	33	24	38	39	20	33	29	40	19	16	27	37	28	15	30	13	36	21	19	12	11	18	39	29	14	12	18	36	19	24	14	25	35	28	36	27	15	15	20	34	11	22	18	30	33	26	13	14	19	21	37	35	23
31	36	28	13	35	34	17	12	31	17	38	18	26	37	15	19	39	20	13	20	29	23	25	26	12	29	35	25	36	32	13	28	25	13	23	36	25	27	11	14	25	26	31	27	33	24	19	16	13	38	34	30	23	36	29	34	35	15	12	32	11	29	40	32	24	34	20	39	23	23	13	25	23	33	17	16	14	38	20	17	31	26	35	15	21	24	31	14	25	28	36	15	26	34	29	19	12	24	24	12
40	17	21	36	16	39	30	20	29	31	12	17	37	18	22	22	31	20	40	14	26	13	37	35	19	13	34	19	16	11	19	29	17	20	27	20	15	28	32	37	26	16	20	15	21	21	32	24	28	17	39	37	27	11	34	32	20	16	30	22	12	14	40	40	18	14	23	40	33	39	39	37	16	35	31	28	18	15	40	28	38	36	29	20	26	11	31	22	31	17	32	26	39	19	14	23	16	28	28	23
38	37	36	22	16	18	36	29	21	28	27	19	23	27	26	37	37	30	38	35	20	27	28	12	26	12	29	31	32	24	35	39	13	31	36	34	22	26	21	23	33	24	38	21	15	30	17	39	30	31	35	33	34	18	16	29	12	27	15	20	12	32	19	16	25	21	32	28	32	25	25	12	35	18	25	25	31	23	29	25	24	27	16	33	14	17	26	11	14	25	11	18	37	13	33	36	24	24	12	23
37	34	11	36	22	27	30	38	28	37	33	24	30	19	26	38	35	19	36	35	25	30	12	20	19	16	40	35	38	19	22	36	22	11	33	40	37	24	29	16	16	27	27	18	19	24	21	19	38	27	32	21	33	35	39	11	37	22	11	38	33	38	14	21	34	24	26	27	16	28	14	22	26	18	33	38	26	35	18	19	30	12	27	13	33	30	18	26	25	26	24	29	15	40	26	19	15	19	25	34
30	11	25	30	11	16	37	15	17	40	12	17	19	31	40	37	14	17	28	34	19	20	27	18	38	37	17	21	23	28	26	16	28	31	15	21	18	39	36	34	32	12	24	28	23	30	33	12	14	14	12	22	14	37	27	30	22	13	22	37	39	15	15	32	22	19	16	28	34	39	38	36	27	30	18	23	35	32	38	39	30	26	30	22	16	25	21	16	29	13	36	34	22	33	18	37	40	13	15	12
33	15	16	32	28	11	32	21	25	37	16	35	32	38	33	34	29	19	25	40	28	27	39	33	34	31	16	31	13	35	38	34	11	33	33	35	29	26	39	11	21	14	21	12	14	27	13	16	23	40	31	11	38	19	18	29	39	31	16	18	13	24	31	36	17	32	21	36	30	38	23	27	40	37	38	25	15	37	39	38	20	19	33	24	39	13	15	12	28	38	28	29	33	39	28	21	22	19	23	13
25	22	24	24	19	30	19	20	11	12	18	18	23	35	19	29	23	13	38	17	31	13	30	26	11	17	39	25	15	28	37	17	22	27	39	34	31	35	35	18	13	19	39	22	29	40	24	32	28	33	40	33	23	28	12	30	23	13	28	35	24	22	32	11	39	30	29	16	17	38	11	15	19	25	38	18	27	39	38	17	35	38	16	30	19	32	32	32	12	11	13	26	36	19	12	18	36	40	26	18
22	28	15	17	25	20	28	30	23	28	11	27	27	27	22	37	34	27	18	12	23	27	19	12	28	27	36	32	18	34	35	27	16	32	15	19	40	22	24	15	36	15	20	13	38	31	28	37	29	40	28	25	33	15	24	22	24	28	27	28	18	31	17	27	32	27	33	36	34	33	31	39	24	37	30	23	34	12	31	26	13	11	32	39	39	32	29	36	21	20	21	14	27	15	16	36	29	38	16	23
27	19	26	37	34	23	30	11	31	38	28	33	31	39	22	30	21	13	15	39	30	16	19	37	26	20	31	35	13	32	40	32	25	31	22	15	31	14	11	27	26	29	15	25	35	37	33	17	19	37	13	40	11	39	13	25	17	27	30	24	29	12	28	26	40	32	30	28	11	13	40	27	34	24	28	40	22	12	31	30	18	30	34	34	12	39	14	15	21	18	26	14	29	33	15	29	40	21	29	16
39	39	31	17	40	25	27	25	38	15	31	19	32	33	33	39	36	22	34	20	11	24	38	19	32	26	20	29	12	24	12	23	25	16	21	33	29	32	12	11	35	32	18	36	23	21	36	30	30	38	25	35	34	29	33	15	24	17	39	15	22	18	32	35	32	37	19	20	26	31	34	34	40	40	23	36	24	31	31	38	30	34	20	14	37	14	14	28	30	19	31	14	35	32	32	33	33	27	11	15
23	17	30	32	31	29	22	38	14	27	22	31	26	30	33	19	24	30	34	20	36	40	40	13	33	18	37	40	17	20	11	19	26	26	14	31	25	14	12	14	15	20	39	31	35	17	28	39	33	31	19	32	32	39	36	27	21	24	12	26	12	34	40	18	26	21	24	17	31	16	32	25	26	40	40	26	14	20	29	25	29	35	18	12	27	21	39	39	17	33	12	35	18	30	40	19	38	11	15	40
80	44	99	82	72	71	69	40	13	95	51	54	34	90	96	65	64	78	26	7	75	55	93	49	89	29	6	36	73	9	84	62	19	76	88	97	5	53	92	41	57	94	85	11	24	33	91	37	23	30	98	2	68	1	56	14	17	100	20	35	22	87	10	70	46	79	15	28	83	38	32	47	86	77	21	50	74	67	25	58	52	66	61	63	12	16	4	31	3	8	81	43	18	27	45	48	59	60	39	42
88	16	46	17	96	91	4	10	57	51	60	25	29	62	76	100	55	21	45	82	90	64	43	54	67	94	97	77	87	71	73	65	12	1	93	28	20	59	30	70	36	8	27	48	34	50	40	42	80	24	95	6	31	23	79	9	37	98	39	47	49	26	5	72	78	99	92	68	44	41	52	14	58	83	32	84	85	33	15	66	35	75	69	56	89	74	18	13	7	81	11	2	38	19	3	86	53	61	63	22
17	4	41	66	27	90	1	73	94	32	68	80	26	87	81	39	42	19	55	47	63	6	54	57	56	38	45	96	83	36	77	25	24	22	50	62	11	95	16	53	46	98	43	71	20	88	92	10	61	52	12	7	91	86	93	31	3	69	75	76	2	33	72	84	29	44	28	97	37	59	85	82	89	49	78	58	74	21	100	65	35	64	18	5	8	15	79	51	9	60	48	13	30	34	40	67	99	70	14	23
85	98	30	95	59	82	63	38	92	22	48	56	52	29	33	10	2	17	34	100	41	68	40	26	28	61	20	79	45	81	55	19	21	31	73	87	89	69	65	62	4	74	64	37	43	88	80	24	70	58	14	72	15	50	77	93	47	11	78	91	42	90	3	25	84	67	32	12	53	75	54	66	96	46	23	27	76	1	16	8	57	36	60	83	51	5	39	94	44	9	18	35	7	49	86	99	97	6	71	13
46	81	23	95	50	7	75	43	73	36	49	82	31	77	41	59	88	65	63	14	74	64	67	26	1	56	20	37	68	54	51	93	34	76	11	45	78	29	70	97	32	17	100	94	90	96	24	4	66	72	25	19	15	9	99	79	84	44	18	85	38	55	21	35	57	52	39	28	13	33	92	61	16	53	87	48	30	22	40	5	10	86	62	47	2	83	42	12	89	60	3	6	71	69	98	58	27	80	91	8
62	22	47	27	1	32	80	63	96	57	36	10	86	90	42	44	17	64	34	75	13	54	99	39	74	48	28	15	72	26	18	40	91	77	92	14	45	5	66	30	95	76	20	6	8	51	70	37	21	12	46	19	9	41	81	50	7	38	98	53	60	4	69	71	67	84	23	65	33	35	82	61	78	94	93	55	79	24	59	29	25	43	97	2	31	68	11	100	88	87	89	73	52	49	3	85	56	58	16	83
5	30	6	82	55	37	53	20	1	95	51	62	66	25	100	44	81	84	85	27	52	64	57	8	76	75	47	17	72	67	12	89	99	71	15	87	96	19	94	3	16	60	28	43	42	97	11	10	31	21	45	50	32	49	4	59	73	61	80	48	41	13	38	40	22	14	9	70	65	69	68	93	23	54	18	91	90	2	39	46	29	56	98	63	77	26	36	88	83	35	74	92	78	79	34	7	33	86	58	24
33	71	81	12	92	84	63	72	39	52	44	13	64	77	4	55	79	67	31	20	50	65	15	62	47	32	78	49	93	11	10	73	34	28	94	17	43	24	22	23	27	2	16	85	75	74	21	76	91	66	18	96	97	42	25	98	58	61	36	37	7	60	57	56	29	69	88	9	70	41	90	6	59	3	54	38	26	51	99	45	48	83	30	100	87	86	95	5	8	68	19	46	53	35	89	80	1	14	40	82
32	41	65	45	77	10	33	37	44	52	86	88	74	50	5	12	60	85	38	9	78	13	67	69	24	31	81	73	93	51	27	22	1	19	92	83	95	47	68	90	55	29	34	49	2	64	42	35	71	75	14	17	66	6	58	18	59	61	98	97	8	80	21	100	62	91	76	40	63	99	87	39	26	7	16	46	23	79	43	54	57	89	25	94	28	70	72	36	84	3	15	53	30	20	48	96	11	82	56	4
30	100	50	81	55	68	53	87	40	84	61	99	41	29	31	48	75	37	63	24	80	90	1	21	70	64	47	49	23	78	79	13	85	20	46	25	66	9	58	27	74	72	42	73	11	12	93	8	43	34	96	18	4	86	22	32	89	39	3	35	19	16	28	45	60	52	69	83	88	92	95	82	62	77	26	59	71	76	7	15	36	98	65	14	94	44	97	10	67	57	38	91	33	17	2	51	54	5	6	56
95	100	80	48	1	42	20	24	97	99	92	9	53	84	72	29	96	32	26	7	47	10	81	57	34	39	28	6	40	89	69	35	83	52	15	63	82	8	71	43	85	45	54	18	66	76	46	93	60	21	70	11	38	73	74	62	3	16	4	87	64	91	44	49	78	88	58	50	55	41	67	25	30	2	68	61	98	23	19	75	17	31	51	12	33	36	59	37	14	79	65	77	5	13	56	86	90	27	22	94
4	30	49	62	43	14	38	23	79	81	83	40	60	13	68	5	10	61	33	50	87	3	25	11	59	95	89	45	46	29	75	35	20	77	56	41	78	84	91	12	32	65	58	39	94	48	22	6	69	34	31	80	90	66	97	47	54	26	92	7	17	86	73	72	19	93	64	1	67	57	96	70	44	2	18	24	74	52	55	53	88	100	36	99	27	98	15	28	82	71	51	76	21	85	42	8	16	63	9	37
24	28	86	11	23	58	27	53	91	95	57	78	46	26	36	45	75	18	61	37	39	84	52	60	54	8	94	29	93	62	97	10	48	79	9	70	68	64	72	33	16	12	73	2	40	100	69	59	98	19	7	77	99	1	96	41	34	63	13	80	50	38	5	83	17	66	92	30	14	15	51	89	4	90	42	55	65	6	31	35	22	21	88	85	56	76	71	81	32	25	87	49	20	67	74	3	47	44	43	82
68	36	65	23	35	71	99	15	79	37	69	28	22	67	24	93	89	63	21	49	9	95	73	27	13	86	61	56	50	78	39	62	31	19	11	96	84	47	17	72	14	74	46	83	40	30	34	29	98	57	66	52	53	2	55	16	88	25	85	38	60	33	77	3	41	54	43	26	6	100	81	12	90	91	75	1	48	87	45	59	18	70	7	80	8	94	97	5	51	82	20	4	58	10	32	64	44	76	42	92
67	18	36	29	16	38	70	49	74	41	62	54	1	60	88	53	13	7	75	21	85	77	89	69	27	37	64	31	76	34	80	95	6	26	63	2	3	5	20	11	15	66	72	100	22	55	78	61	93	42	96	33	57	12	28	43	19	10	91	48	86	58	73	56	23	51	68	52	17	59	50	35	71	45	83	97	14	47	30	32	87	99	44	90	4	8	65	24	46	40	9	94	81	92	82	84	25	98	39	79
83	92	50	19	53	77	82	58	14	94	91	44	20	55	46	87	29	75	88	67	86	56	40	11	34	78	65	23	15	17	12	90	72	41	33	10	76	80	52	84	57	70	66	85	16	61	24	51	54	93	49	96	4	74	43	59	98	6	2	99	60	8	30	13	42	95	37	35	36	64	97	18	39	48	68	45	21	3	47	1	100	32	73	71	63	62	27	26	69	25	38	5	7	81	79	28	9	22	89	31
96	28	55	72	69	27	22	42	92	31	3	41	10	73	40	85	51	84	64	15	49	6	9	89	8	95	56	19	24	50	91	62	74	94	79	32	61	82	67	18	39	59	1	14	7	87	33	81	100	37	70	53	93	47	88	30	26	54	77	36	97	52	21	99	11	76	65	34	83	90	71	44	57	86	16	25	12	45	98	58	4	78	60	80	35	23	29	43	2	5	68	63	48	66	20	17	38	13	46	75
60	12	67	94	27	82	68	28	40	81	55	89	74	21	46	66	97	31	99	43	85	17	64	39	69	26	62	87	24	44	19	71	14	80	25	18	84	78	56	100	20	65	61	29	32	36	83	35	2	70	75	11	93	34	9	51	53	30	38	16	90	23	8	77	22	76	6	10	47	96	54	3	59	52	41	13	45	15	5	73	57	92	42	72	50	33	37	1	79	95	63	86	4	98	58	48	88	49	91	7
76	70	34	83	85	44	26	17	13	16	54	29	37	12	39	99	43	9	72	58	2	75	5	63	96	64	51	74	89	23	95	80	10	48	41	53	78	56	71	1	91	35	57	14	40	46	79	90	82	68	77	11	6	59	38	31	3	87	24	7	20	27	25	55	60	21	73	4	49	69	18	62	65	8	93	19	100	22	50	81	47	61	97	28	86	52	84	42	30	45	88	94	32	66	92	67	33	36	98	15
69	86	17	47	40	63	90	39	21	29	98	44	1	76	48	65	93	38	2	58	91	3	30	81	77	71	62	78	95	42	11	4	37	26	12	94	75	56	60	50	25	36	57	31	18	61	8	67	80	9	99	96	27	14	92	87	88	41	79	85	54	49	100	16	70	15	45	35	20	19	22	55	5	13	82	59	24	51	34	97	46	33	6	74	10	32	64	83	53	84	89	43	52	72	23	66	73	68	7	28
76	53	7	23	79	40	51	97	100	16	43	28	84	4	5	94	15	71	29	73	48	37	82	44	83	14	3	90	54	41	34	25	72	67	65	39	68	91	57	32	62	33	45	63	96	61	1	19	59	27	10	52	60	9	77	78	31	93	50	80	70	30	56	89	58	88	46	55	85	11	64	87	98	75	69	66	21	24	12	6	17	92	74	81	26	95	99	2	13	22	86	42	38	36	8	18	20	35	49	47
86	77	26	69	7	20	85	72	98	9	17	94	5	1	2	81	6	35	73	79	52	91	45	49	84	36	19	70	41	59	88	43	34	95	27	15	68	24	82	44	76	23	56	66	51	10	63	75	53	54	100	18	37	96	50	3	14	92	62	4	99	61	21	33	8	60	28	64	48	87	97	55	90	12	16	93	40	83	78	42	71	57	39	46	89	22	65	67	32	13	30	38	47	29	74	31	25	80	11	58
41	29	66	14	100	22	15	67	74	19	37	11	45	42	65	40	77	55	97	91	80	89	31	25	21	8	56	9	83	78	23	53	43	4	82	84	57	32	69	72	20	28	24	96	17	39	71	70	54	2	6	7	5	59	64	33	18	27	52	95	58	10	30	36	51	34	88	87	44	98	48	3	47	50	76	35	63	13	92	93	46	73	75	26	38	68	49	79	60	86	61	81	85	99	16	12	62	90	94	1
18	35	98	61	39	17	8	11	69	75	34	42	94	76	45	47	51	3	93	10	25	27	99	46	63	49	14	22	91	60	36	68	62	50	38	89	15	19	92	13	81	7	52	56	73	55	26	5	28	1	41	65	4	64	86	100	29	80	9	53	54	71	48	58	88	90	12	33	23	79	2	44	87	43	57	6	67	74	31	66	24	82	77	30	84	78	95	70	21	37	83	16	96	85	59	40	20	32	97	72
15	91	54	67	90	64	47	32	44	26	23	55	76	46	88	27	95	92	96	34	3	4	81	85	28	98	94	20	45	56	49	99	39	84	52	97	17	37	93	16	57	83	62	9	51	71	35	29	63	80	7	75	50	73	14	10	79	77	68	21	59	58	78	24	1	41	2	65	70	40	36	53	13	48	12	60	89	11	6	69	100	25	5	19	31	87	61	66	42	86	30	74	18	22	82	43	38	33	8	72
45	70	53	46	19	87	68	71	88	83	33	69	90	35	34	39	17	5	12	98	80	49	92	67	24	31	72	62	47	14	25	81	1	42	32	57	93	55	59	99	30	64	28	54	9	60	8	95	56	10	38	7	61	16	97	3	85	100	43	86	84	75	36	11	22	20	40	58	66	23	18	29	37	13	2	51	73	52	6	96	76	15	78	65	63	74	50	48	82	44	89	41	77	4	26	94	27	21	79	91
5	16	53	50	83	99	61	93	33	13	68	81	80	35	42	24	55	19	67	60	65	87	90	10	63	30	29	36	3	66	52	91	25	17	97	58	40	73	15	14	51	45	11	98	8	85	43	38	64	1	34	37	89	21	77	71	6	57	27	95	94	41	49	78	47	2	22	54	56	75	20	9	70	23	92	76	79	96	88	62	31	12	44	4	48	100	86	46	74	18	69	59	7	28	39	26	82	84	72	32
7	8	22	38	61	44	21	37	80	3	60	56	72	24	73	33	42	78	79	11	74	28	45	58	89	16	29	50	75	13	40	81	27	93	23	6	64	95	19	69	17	26	35	12	99	67	83	18	96	31	25	70	87	15	30	47	41	5	32	34	91	100	66	88	90	2	63	10	62	53	98	51	71	59	55	36	1	86	39	43	94	76	14	57	97	65	68	52	92	77	49	84	54	48	4	46	85	9	82	20
50	37	69	52	91	13	16	31	87	79	61	51	18	30	56	10	81	62	5	90	33	95	54	36	89	49	58	65	55	17	3	15	46	48	32	7	77	73	38	76	97	100	2	12	35	1	43	68	53	25	96	67	60	9	28	41	21	92	29	66	59	98	42	27	34	94	78	19	64	88	26	80	14	24	8	6	93	75	99	82	83	85	40	84	20	4	47	74	72	63	11	44	39	45	71	70	22	23	86	57
55	48	37	20	93	68	30	21	49	50	61	94	42	72	58	89	15	35	43	78	25	64	34	7	45	47	57	70	76	60	26	86	36	2	96	97	52	80	92	56	74	90	77	46	91	18	24	73	40	84	79	88	16	23	14	100	4	71	81	98	51	11	85	33	27	8	63	22	10	32	31	62	12	44	53	69	29	54	13	17	75	9	6	38	19	66	99	5	28	82	3	83	1	39	59	65	87	41	67	95
69	57	33	10	73	62	59	37	34	72	25	58	47	95	99	74	80	38	18	44	13	46	41	17	97	36	68	12	2	40	5	67	30	88	71	9	6	51	96	75	11	50	3	23	84	48	8	7	45	1	31	26	87	43	78	53	63	49	79	19	14	15	56	55	83	90	39	32	76	60	4	66	65	89	22	81	35	93	86	92	54	82	91	77	98	64	85	61	27	29	42	70	21	100	52	16	94	20	24	28
88	69	58	54	78	94	4	65	6	12	96	26	71	14	89	68	21	70	53	97	91	25	23	32	86	20	77	11	49	27	38	76	50	34	45	43	81	13	64	67	44	36	9	93	98	35	82	51	29	37	19	66	87	60	99	40	63	16	92	7	57	48	84	83	1	52	79	46	73	3	75	24	61	30	10	59	15	39	100	55	8	74	85	2	22	80	5	31	42	41	90	62	72	18	28	56	95	17	33	47
51	35	25	100	46	88	65	57	45	67	15	5	34	29	49	13	14	37	42	18	87	75	94	78	89	2	85	1	7	50	69	86	74	64	72	40	56	19	71	84	77	41	23	17	58	99	60	90	4	61	16	20	30	26	66	10	95	44	22	55	80	8	33	81	47	63	3	43	91	27	24	96	83	97	93	6	68	38	32	59	82	76	11	79	53	21	54	62	70	52	36	48	92	98	9	39	28	12	31	73
45	26	92	97	37	12	57	30	11	56	81	59	15	29	40	42	75	20	90	91	69	9	80	49	53	68	24	3	61	100	33	89	77	58	7	46	10	8	99	98	52	31	32	54	78	50	65	82	86	44	5	21	94	36	48	34	51	60	96	66	71	63	39	2	1	84	73	28	83	23	47	43	76	19	4	74	72	18	64	93	55	13	88	22	25	67	38	79	70	6	62	87	17	14	85	95	27	41	16	35
2	24	57	31	30	43	47	71	76	90	4	60	82	42	81	19	72	32	18	33	74	5	89	65	95	10	9	50	39	91	64	99	28	16	46	44	67	92	48	53	96	66	20	80	61	59	83	68	62	41	36	3	56	25	12	97	77	49	55	6	78	73	29	85	54	22	23	63	93	40	45	26	86	88	100	52	51	70	21	75	94	37	58	98	1	38	35	11	17	14	13	34	69	8	7	87	84	27	79	15
86	88	35	31	27	83	80	100	43	13	48	70	9	26	79	51	97	30	67	22	24	62	66	52	46	12	95	42	41	38	94	5	93	8	96	68	1	89	45	65	64	39	63	11	90	18	58	32	33	10	29	40	44	56	20	85	55	16	3	36	73	34	53	4	78	49	14	61	37	82	72	59	77	99	21	60	74	98	92	23	47	15	25	2	54	6	81	7	57	87	50	84	76	28	75	17	19	69	71	91
73	51	15	47	62	67	13	26	64	49	87	3	100	20	31	36	38	60	70	57	39	75	21	53	80	71	44	22	7	91	37	33	74	93	82	41	72	78	58	85	30	61	98	34	89	99	2	96	94	5	29	68	66	40	86	81	97	14	65	52	6	76	79	12	90	69	35	32	19	8	23	46	45	4	54	55	95	11	18	17	92	63	10	59	77	48	24	28	9	43	84	42	50	83	88	27	1	16	56	25
20	57	45	82	67	86	77	64	79	37	42	62	33	74	3	75	52	66	73	30	38	27	47	56	13	88	2	72	76	70	91	1	68	21	11	96	25	78	10	80	22	43	35	44	31	26	6	81	16	32	9	14	41	19	84	4	92	39	71	29	69	58	100	36	48	98	17	34	24	93	12	95	59	90	50	23	99	18	28	94	55	51	87	89	54	8	61	65	15	85	60	7	5	40	49	83	46	63	53	97
17	50	60	22	87	85	73	57	66	9	64	18	25	53	55	63	61	26	36	4	86	23	24	46	96	28	3	90	93	27	77	62	37	79	69	14	84	16	19	31	6	32	78	43	12	80	45	41	21	44	89	30	49	97	15	56	33	88	39	13	29	74	65	52	99	5	58	48	71	70	34	67	91	59	76	1	98	35	40	11	92	42	51	20	83	8	38	81	95	54	100	7	82	94	2	75	47	72	10	68
69	98	26	97	82	95	33	24	39	17	4	86	62	34	27	89	59	51	65	7	85	44	35	70	45	96	72	42	2	41	84	81	9	68	3	71	5	76	74	79	83	55	31	30	57	36	58	75	47	22	53	37	18	49	32	38	43	11	14	90	80	48	87	77	1	23	16	60	78	21	19	29	88	8	28	40	10	50	73	63	99	94	13	100	61	15	93	20	64	52	92	54	6	46	67	91	56	12	25	66
72	28	13	30	94	93	74	63	45	40	70	5	68	38	16	54	77	37	85	60	6	29	18	3	10	21	1	26	84	19	89	97	17	8	12	36	47	55	11	53	46	99	39	49	66	78	92	57	51	42	31	91	50	80	22	64	87	69	44	25	14	2	67	9	58	88	15	41	96	100	56	32	75	23	35	95	79	73	59	98	86	83	4	90	82	24	81	52	65	61	27	76	33	71	48	34	43	20	62	7
47	81	82	12	88	94	15	20	83	54	69	41	84	45	28	19	62	95	78	98	26	24	79	48	75	9	42	17	87	18	74	10	60	53	7	49	6	64	59	23	89	44	91	36	27	31	52	63	11	1	86	71	99	77	56	8	46	58	37	30	39	72	61	38	67	2	51	92	14	50	100	97	96	34	5	70	85	40	35	66	80	33	22	13	29	73	21	4	65	90	25	16	55	93	3	76	68	32	43	57
96	100	5	86	68	22	72	64	95	85	98	48	27	84	2	69	29	51	7	30	55	13	41	31	39	38	83	19	6	66	44	77	94	33	8	91	79	89	47	49	70	78	87	60	76	45	50	18	35	10	80	75	17	52	15	11	73	28	56	74	81	65	16	46	61	37	12	26	24	58	62	32	57	63	97	88	54	4	99	40	93	42	1	71	21	9	3	59	14	20	43	34	92	53	23	67	90	36	25	82
72	24	11	66	8	90	30	80	20	3	68	54	77	83	53	35	98	61	76	82	16	9	92	81	21	1	86	67	32	41	56	12	73	50	10	15	79	94	51	69	99	46	84	63	4	25	58	6	48	96	60	29	91	27	7	55	100	97	13	47	38	43	5	42	28	2	17	37	88	31	89	14	78	45	39	59	26	52	44	71	70	74	34	22	95	93	75	65	19	40	23	64	57	49	36	87	62	18	33	85
22	86	57	78	18	17	56	60	7	33	53	6	68	31	99	70	81	46	10	80	69	43	32	75	11	84	54	95	44	8	61	42	30	65	21	3	38	58	92	34	87	52	28	73	97	71	67	49	48	91	85	47	9	26	45	100	66	62	59	36	50	23	63	24	2	41	96	88	82	25	5	77	19	93	4	98	79	74	1	39	51	94	20	55	76	40	37	15	90	14	83	13	64	27	35	29	89	72	12	16
71	15	34	82	19	60	28	14	86	65	91	68	27	6	16	73	42	48	98	90	11	1	61	100	24	64	4	13	77	20	10	17	56	54	55	95	69	75	80	23	29	50	26	2	30	7	41	62	57	78	53	58	21	63	38	88	76	52	79	12	32	66	59	70	84	49	37	3	67	44	22	51	92	35	81	99	39	47	93	89	97	45	87	5	72	8	31	18	9	46	83	94	40	85	36	96	74	25	33	43
32	95	57	62	17	79	49	69	86	46	85	11	24	87	37	20	81	39	88	78	19	41	22	23	15	68	3	72	56	73	60	30	98	44	4	34	36	45	18	43	84	48	8	59	61	89	38	94	25	52	21	13	29	53	82	71	51	92	83	40	97	2	76	93	26	9	12	55	27	90	47	67	35	70	54	77	31	42	96	65	63	75	7	5	80	28	6	16	100	50	14	74	66	1	91	33	58	10	99	64
19	37	38	73	1	48	57	45	78	59	22	34	6	7	94	29	11	2	12	26	4	96	31	95	98	75	90	25	3	68	20	36	18	46	17	47	42	50	23	33	49	60	71	85	21	27	74	10	97	58	16	13	44	86	52	76	32	77	43	30	24	8	93	53	41	63	64	79	70	61	55	39	92	82	40	65	67	51	54	72	88	28	14	56	35	81	66	99	9	15	69	62	89	83	87	5	84	91	100	80
11	41	83	84	33	28	57	93	80	90	76	1	39	88	66	48	75	25	3	27	23	21	82	62	19	36	30	42	32	96	8	52	56	65	29	79	92	47	51	64	77	20	17	71	18	91	46	81	63	53	4	12	50	67	68	69	100	16	97	7	9	54	85	89	86	43	70	2	60	38	34	26	10	13	98	55	87	24	94	35	5	44	45	59	14	72	49	31	99	95	61	37	40	74	6	78	22	58	73	15
50	85	4	53	95	27	55	31	98	79	15	7	92	35	38	16	10	74	64	25	52	83	80	69	63	82	47	33	5	43	90	86	49	34	14	39	75	57	17	13	21	67	60	70	41	28	19	42	73	89	68	23	99	87	1	29	84	46	51	93	81	8	62	45	18	24	91	36	2	72	96	11	100	48	37	54	88	66	12	9	30	44	58	20	61	6	22	71	32	59	26	40	76	65	97	77	94	56	78	3
81	31	65	11	62	4	47	5	23	3	94	21	25	9	20	59	91	40	41	63	67	82	70	49	15	89	64	93	39	37	68	85	97	53	92	6	44	51	95	17	56	90	76	38	18	54	30	27	34	1	74	19	22	50	100	83	55	79	78	36	46	32	84	96	57	80	13	60	88	29	72	48	98	24	2	43	26	16	42	14	86	69	99	10	8	71	35	12	87	7	58	52	61	73	66	45	75	28	77	33
76	85	81	82	3	96	8	88	55	44	26	47	37	83	66	92	95	80	54	57	68	61	32	2	45	33	27	46	12	42	30	60	15	65	43	71	21	77	9	67	93	22	98	10	51	62	59	70	28	89	99	35	5	25	50	24	48	34	49	53	87	74	29	84	64	90	79	16	7	75	73	41	69	17	58	19	13	52	72	78	100	40	94	31	14	20	97	91	39	18	86	1	4	56	11	36	23	63	38	6
39	76	71	60	82	65	19	58	15	34	26	8	94	67	56	21	28	22	85	84	40	61	90	18	43	93	54	1	27	20	87	29	44	52	7	86	75	72	62	25	31	97	41	37	3	4	57	83	59	32	23	63	33	78	88	30	74	12	36	11	92	89	35	6	45	42	47	55	81	70	13	16	91	64	9	5	14	46	53	17	77	68	38	51	79	10	66	48	2	80	95	24	69	100	49	96	73	98	50	99
77	7	54	1	68	2	45	71	24	41	10	63	23	70	86	42	20	18	97	33	16	8	56	75	100	65	49	11	84	38	30	87	12	62	46	66	48	85	53	52	74	27	50	95	94	78	35	73	6	96	32	51	28	69	31	9	67	19	58	72	36	39	83	99	79	25	89	43	22	14	5	92	15	80	47	55	3	29	60	44	61	4	40	98	64	34	37	82	88	81	91	17	76	26	90	57	21	59	13	93
22	96	86	57	42	78	71	4	10	53	88	89	67	2	74	38	40	16	60	47	31	52	49	26	30	97	65	24	84	28	73	20	62	11	68	83	55	15	75	44	92	58	8	39	29	95	93	63	77	87	80	100	59	18	51	76	99	32	33	66	7	9	82	34	94	85	37	13	27	69	25	45	64	79	56	5	3	70	14	21	91	43	72	46	41	23	17	35	36	61	1	19	54	81	12	98	90	48	50	6
49	9	85	88	39	38	24	74	76	10	51	56	65	45	55	63	79	61	72	26	54	92	32	71	90	87	8	82	91	98	80	60	100	36	97	11	77	94	14	42	13	46	6	22	1	89	81	34	64	52	78	57	33	17	75	31	7	35	95	28	59	30	18	27	41	84	99	93	53	20	12	50	43	23	44	16	4	70	29	25	21	86	5	67	62	68	73	40	48	15	47	69	83	96	66	19	2	3	37	58
8	44	4	14	3	99	80	92	64	72	11	61	23	54	67	29	94	24	18	17	85	52	87	57	66	75	31	42	20	41	39	56	21	33	36	49	2	35	95	62	53	82	84	12	13	10	58	77	37	34	46	65	79	68	51	59	7	15	9	60	86	78	47	100	83	55	97	26	38	16	1	50	25	91	81	45	76	70	40	90	22	32	5	63	73	69	27	28	89	19	48	96	88	71	74	93	6	98	43	30
73	65	28	89	38	79	45	83	17	50	98	46	14	32	48	27	33	93	6	53	2	63	57	40	100	39	25	44	94	20	51	52	13	70	74	55	54	49	5	64	95	10	75	62	56	99	78	23	92	34	84	47	59	22	77	97	61	58	36	67	4	42	76	82	72	69	26	35	86	68	30	90	87	88	29	71	24	43	12	91	80	19	96	21	41	1	85	7	11	16	31	66	15	37	60	81	3	9	8	18
53	6	33	32	56	86	46	81	71	25	63	16	100	92	38	11	67	23	45	64	29	83	9	69	42	77	21	12	76	3	75	4	91	26	66	20	2	17	44	19	93	47	37	30	89	68	61	49	36	13	57	94	50	84	80	27	43	15	85	62	90	54	10	74	95	48	35	82	87	14	70	73	1	88	98	41	72	58	59	96	5	99	79	8	31	24	22	55	18	7	97	28	51	39	60	78	40	65	52	34
27	84	49	24	21	15	67	48	37	74	3	56	100	26	58	12	90	46	55	14	5	20	87	36	39	73	51	92	63	9	95	44	97	8	96	25	1	52	28	70	4	88	75	41	64	93	11	43	30	62	17	40	32	22	66	72	2	98	47	85	54	34	71	29	59	57	82	31	65	81	77	38	42	23	50	33	53	60	18	6	76	94	45	89	68	78	86	80	19	10	91	69	35	61	7	99	83	13	16	79
100	47	98	46	91	67	28	53	73	71	90	61	57	49	94	8	16	43	58	32	22	40	78	18	17	3	48	89	15	2	96	85	20	7	5	62	19	55	59	82	35	81	65	92	39	77	6	76	13	9	31	93	11	50	21	54	33	38	34	83	42	14	69	68	29	56	99	23	24	72	51	84	37	86	44	10	95	12	36	75	41	64	63	25	60	66	79	45	87	70	88	1	74	27	4	97	52	80	30	26
78	36	37	40	89	5	28	29	7	6	64	74	83	43	59	62	55	67	76	30	98	58	9	4	100	23	35	87	54	45	25	94	38	13	39	20	96	82	33	99	66	77	12	69	90	27	22	68	32	56	73	60	53	49	3	91	46	16	17	50	75	41	44	1	10	8	97	14	42	79	93	86	65	70	84	47	95	92	48	21	34	88	51	61	26	31	18	81	52	71	80	19	11	57	24	85	63	2	72	15
26	4	74	96	62	24	28	42	22	92	83	34	61	10	6	90	89	8	5	25	54	20	47	36	99	97	27	16	69	82	66	13	11	76	100	9	75	93	30	55	67	84	48	38	94	73	85	23	87	45	71	39	52	53	80	63	79	68	3	81	86	43	50	60	2	58	72	15	91	46	7	37	12	56	65	64	18	41	88	33	21	31	95	1	14	35	98	19	17	59	70	32	57	78	77	51	40	29	49	44
96	62	32	47	39	33	19	11	85	76	86	22	51	7	89	61	88	70	73	1	57	79	29	60	82	13	28	59	44	50	53	58	74	83	68	25	80	100	94	72	24	65	5	23	49	40	99	91	67	69	35	66	27	31	54	26	56	95	84	87	93	52	98	6	78	37	34	92	2	36	48	17	97	38	3	81	4	12	21	20	46	16	15	77	18	10	75	63	14	9	43	55	41	8	90	64	71	30	45	42
46	57	65	1	44	95	45	70	2	17	84	98	26	29	5	60	58	87	38	53	35	24	99	83	10	94	63	93	61	40	32	23	11	56	7	54	75	8	100	67	14	72	59	71	19	28	43	73	16	89	34	22	6	82	62	20	68	18	92	88	52	90	85	9	51	86	41	21	36	33	48	13	79	15	74	76	3	31	66	25	39	30	27	80	55	42	69	96	12	77	97	81	37	64	78	4	91	49	50	47
82	39	90	58	40	59	78	30	44	76	13	63	100	28	41	21	52	17	31	33	61	53	70	34	74	80	69	67	88	73	10	35	66	47	7	94	23	83	1	84	3	65	20	25	81	99	32	85	77	60	79	51	98	24	62	8	43	87	16	12	92	91	72	38	55	57	14	11	97	9	64	96	6	49	27	5	56	15	71	36	37	86	18	26	89	95	4	45	75	42	68	29	46	2	22	19	93	50	54	48
70	54	50	25	26	49	6	95	2	42	40	37	43	74	19	46	66	7	55	69	72	81	28	96	61	100	82	3	78	79	38	75	18	27	9	67	88	65	47	29	92	36	48	64	57	90	39	21	14	11	83	20	32	15	86	10	35	1	30	93	33	73	51	62	71	60	59	31	5	8	91	68	58	12	45	77	97	52	76	63	24	23	34	16	99	84	17	4	53	85	98	41	89	44	56	80	94	22	13	87
30	90	13	47	48	57	29	35	64	17	14	75	74	78	38	43	71	53	25	18	82	63	40	81	28	16	68	51	54	22	87	65	41	99	50	85	92	56	62	59	98	61	33	89	37	49	10	76	79	80	97	84	77	52	20	46	69	26	12	93	58	70	39	72	94	95	4	44	15	23	2	9	7	3	32	31	66	34	96	45	67	73	1	55	88	100	27	36	83	86	6	24	19	91	60	42	11	21	8	5
53	43	59	29	80	5	10	98	71	18	56	83	64	97	41	35	20	22	95	9	100	76	31	91	36	90	63	55	8	40	99	61	49	94	66	37	38	15	52	34	84	68	93	62	11	87	85	17	70	60	75	92	82	23	72	26	3	6	27	58	28	96	32	67	1	89	16	46	39	78	47	30	25	13	86	12	57	7	77	50	69	33	73	88	45	44	24	51	19	48	14	74	81	4	65	42	54	21	2	79
76	51	47	64	16	25	39	85	1	42	3	90	50	4	88	7	77	49	59	81	14	69	19	79	44	58	95	12	94	20	35	92	2	72	24	23	34	83	8	96	97	41	73	74	29	99	13	67	71	46	60	75	48	82	6	84	5	11	61	62	66	68	32	9	63	98	18	80	26	10	89	91	70	38	33	31	43	28	40	55	93	22	45	56	27	53	37	21	52	36	54	17	78	100	86	57	87	30	15	65
37	74	11	59	43	2	8	49	30	10	81	24	26	51	47	7	69	65	28	57	17	21	25	87	80	19	5	79	71	36	93	95	66	38	32	4	53	45	68	15	27	92	48	83	1	94	18	54	89	67	82	73	46	91	77	44	6	13	41	56	23	96	62	12	42	63	76	16	85	39	40	88	61	70	14	60	33	75	9	98	20	90	100	64	34	97	72	22	35	55	52	29	58	99	31	50	3	86	78	84
54	70	84	7	36	14	30	72	71	81	28	96	99	47	91	89	43	2	45	4	50	98	77	9	1	41	32	27	65	46	59	79	52	3	40	19	23	51	62	34	74	100	31	11	6	83	94	15	80	63	86	90	58	24	76	48	13	67	25	5	56	12	57	22	93	44	35	68	61	69	33	39	42	21	18	49	55	26	20	87	29	92	8	64	66	97	85	82	73	17	78	88	95	53	10	37	38	16	60	75
9	81	77	40	18	65	63	71	93	91	42	4	86	64	66	80	92	41	83	50	33	98	53	82	60	38	89	96	14	13	69	85	94	8	87	19	76	23	28	99	47	39	49	25	51	12	26	73	44	79	3	62	75	88	16	57	1	7	67	56	55	45	6	90	21	100	2	59	11	95	5	46	78	36	20	34	15	30	74	32	22	61	35	29	68	70	72	43	27	24	84	31	58	52	37	48	97	17	10	54
70	69	91	88	2	27	60	19	42	43	85	16	12	58	40	56	39	9	32	52	23	18	8	3	81	63	29	80	66	64	38	93	11	44	74	95	71	89	72	99	14	77	46	94	92	35	55	61	57	10	28	68	96	34	82	1	13	17	15	100	25	79	26	98	50	87	6	84	49	78	53	90	30	86	59	37	33	31	7	20	73	4	83	5	76	97	24	45	75	65	67	48	41	36	51	47	22	62	54	21
89	63	77	84	6	65	28	8	62	3	18	91	58	10	56	7	86	82	69	15	33	1	55	24	4	61	81	99	85	49	40	67	72	22	41	71	23	2	64	73	95	19	87	66	20	35	79	17	83	27	50	57	12	97	48	45	53	31	96	93	26	14	94	78	100	90	32	43	52	76	59	70	16	11	44	5	37	13	9	92	36	42	74	46	38	75	80	54	47	98	68	51	39	25	29	88	30	60	34	21
13	72	73	77	80	47	6	4	58	92	87	67	75	44	55	18	85	53	45	71	23	97	59	82	63	83	39	8	65	86	51	19	95	98	66	54	14	64	37	38	46	2	94	69	36	7	100	15	29	25	56	68	60	3	84	34	20	43	24	62	33	26	89	90	9	99	16	88	30	35	91	10	76	40	74	1	28	41	70	49	11	96	17	79	32	57	27	42	52	48	78	81	93	12	22	50	61	21	5	31
63	98	14	97	24	47	71	35	62	31	85	1	68	78	3	69	30	37	92	67	2	56	61	59	91	7	82	72	99	73	27	75	8	80	15	36	33	70	55	34	81	76	19	29	16	84	58	53	44	50	89	26	20	22	17	41	60	65	77	46	18	93	13	74	94	64	48	42	4	51	96	90	43	54	49	95	5	21	66	52	23	11	45	40	87	25	12	100	83	79	57	88	32	28	9	10	6	38	86	39
30	44	48	67	66	42	99	1	45	69	17	100	46	15	63	2	26	13	57	51	24	80	34	36	86	49	62	93	14	75	10	38	37	64	43	25	58	33	6	73	29	88	78	39	65	91	16	87	95	70	79	89	92	22	81	27	47	11	97	41	4	54	31	94	90	23	61	59	60	35	74	98	84	55	56	19	83	32	12	21	76	18	7	9	68	40	82	85	53	96	50	8	3	28	52	77	71	72	20	5
22	96	75	12	11	65	36	68	7	94	40	5	16	33	41	100	95	8	56	48	27	80	60	73	28	43	19	67	9	64	88	23	52	34	61	93	39	86	70	62	87	32	35	50	1	29	92	91	90	55	79	51	78	66	38	81	37	46	74	18	26	31	49	84	99	30	54	82	77	72	4	44	83	20	71	21	58	89	10	17	3	69	85	6	45	47	98	25	76	42	2	53	15	59	14	24	97	13	63	57
53	69	7	42	79	65	9	13	32	38	76	19	54	47	100	99	72	56	33	83	70	75	20	21	31	17	67	85	73	23	46	12	24	4	50	10	61	88	18	2	3	5	27	28	37	52	95	96	81	40	1	66	16	62	68	43	34	92	41	98	45	77	22	6	55	57	84	14	8	25	26	71	51	64	87	44	11	94	30	49	91	39	74	93	36	90	59	60	86	78	63	97	48	35	82	29	15	89	58	80
5	68	3	83	12	91	54	27	57	79	76	42	60	97	19	74	98	58	10	34	55	7	90	21	49	26	96	45	32	28	23	16	47	84	56	48	18	24	50	86	31	43	64	88	15	9	41	73	33	61	100	39	77	93	35	70	20	30	71	46	51	81	75	37	11	92	40	25	38	63	17	44	89	78	59	62	66	69	22	99	13	80	72	36	87	2	94	52	67	82	8	29	4	85	65	95	6	1	53	14
39	50	62	2	61	1	35	7	98	36	94	48	6	34	19	13	77	59	75	67	55	86	57	45	100	32	27	76	5	92	88	16	4	96	14	65	95	29	47	52	20	72	42	23	9	82	33	66	56	46	25	17	15	31	60	21	85	89	3	41	87	10	18	84	97	79	63	78	69	24	90	99	83	26	58	43	38	30	44	70	93	22	49	8	37	12	40	74	53	91	54	80	11	73	64	71	28	51	68	81
75	96	39	91	11	80	27	95	55	48	36	52	26	76	13	16	50	14	30	70	18	88	38	15	84	8	69	94	40	99	47	5	60	44	87	9	58	90	51	21	53	56	46	62	43	24	19	65	79	4	97	81	78	31	42	7	74	93	3	67	63	25	59	35	22	57	33	6	28	10	64	71	2	23	41	86	73	37	34	49	77	66	85	83	1	100	82	29	68	54	32	45	98	89	20	92	12	72	17	61
36	75	21	34	78	70	73	80	76	17	81	41	31	33	45	95	16	92	44	40	54	4	43	79	99	59	82	86	13	30	28	61	63	87	93	38	98	29	57	68	62	53	24	56	72	67	91	11	27	74	2	66	100	51	5	60	88	23	32	8	65	90	15	39	84	12	46	20	48	97	7	96	10	14	18	52	77	89	55	71	19	25	94	69	49	3	22	42	83	35	50	58	47	9	85	37	64	6	26	1
86	77	93	43	34	67	7	76	53	69	22	62	52	61	63	90	23	15	96	68	94	66	21	95	38	20	50	17	70	100	84	13	51	42	46	85	73	24	72	10	14	18	83	12	35	41	89	79	45	49	56	25	60	92	27	36	87	58	33	37	59	39	97	57	29	71	99	55	78	64	31	44	75	40	26	82	28	81	6	80	4	16	19	88	2	65	30	98	3	48	5	32	1	91	74	54	47	11	8	9
70	78	29	6	83	89	88	56	33	91	67	36	94	53	31	68	71	45	76	93	75	21	37	14	72	42	100	17	2	44	52	79	85	98	48	51	30	58	24	10	82	95	73	39	3	1	27	28	9	69	23	4	77	84	40	22	25	92	65	19	15	60	87	43	64	38	50	59	18	11	80	86	74	26	7	90	16	96	66	41	49	63	8	20	99	81	32	35	57	97	61	55	46	54	34	62	5	47	13	12
73	97	32	43	57	8	38	22	94	40	21	71	65	16	13	3	14	63	59	4	34	79	92	30	12	29	74	66	7	10	54	52	23	77	81	90	6	28	37	72	53	88	68	39	62	96	84	82	25	99	5	20	48	95	86	1	58	27	41	91	26	61	89	70	76	11	69	45	31	80	9	85	56	24	44	19	60	93	75	100	51	49	87	46	98	47	55	2	50	64	15	17	67	42	78	36	83	18	35	33
57	38	47	27	15	100	98	35	33	73	77	3	29	86	66	46	82	64	81	17	61	42	80	26	8	49	9	92	89	84	24	97	88	91	78	19	44	31	95	67	11	2	54	76	72	56	45	85	39	59	99	90	52	40	13	23	18	60	96	70	36	28	37	50	41	93	51	48	69	83	55	20	5	14	12	10	62	68	34	63	4	75	6	79	65	22	1	30	32	94	87	71	43	16	53	25	7	58	21	74
41	44	5	88	65	66	99	17	73	28	81	31	43	85	7	25	45	78	22	49	47	46	98	74	3	40	14	84	29	2	13	24	79	32	39	72	9	8	91	76	55	57	62	96	52	61	70	1	64	86	4	71	59	93	35	87	69	97	83	67	10	33	12	80	37	30	94	27	90	42	11	19	21	16	38	6	48	56	75	34	26	82	54	77	18	51	58	95	53	20	92	100	50	15	36	23	60	68	63	89
40	97	44	38	3	50	82	22	32	19	37	8	28	51	73	26	99	63	2	47	42	41	76	100	64	58	6	67	21	78	9	85	25	31	36	23	4	20	18	17	46	60	56	33	30	1	54	11	89	53	34	24	27	80	92	77	14	68	79	35	66	39	75	87	83	72	5	13	55	29	95	57	93	86	10	52	69	62	49	91	70	84	65	48	43	98	61	90	96	74	45	15	94	12	59	7	88	71	16	81
69	59	53	55	43	49	4	54	34	95	45	33	67	68	75	10	29	51	5	48	7	14	39	11	41	89	57	81	74	20	65	78	64	58	26	93	46	85	98	31	71	25	27	72	100	38	23	96	92	97	70	37	30	9	15	12	90	87	22	66	28	86	73	17	6	79	47	61	52	42	94	32	21	24	88	56	36	50	91	13	19	35	40	2	1	8	44	77	76	82	83	16	62	80	99	84	63	60	3	18
54	93	63	4	87	45	100	39	46	81	64	66	50	58	23	79	9	74	27	14	52	11	20	69	35	2	56	17	57	76	22	8	92	60	77	55	65	25	85	6	5	71	47	3	78	70	75	7	18	43	84	89	31	86	67	44	28	95	15	42	21	13	33	10	73	12	34	48	37	26	98	72	97	41	24	36	16	29	1	90	96	80	38	30	51	19	94	99	61	88	49	82	91	32	59	53	68	40	83	62
36	5	74	35	66	86	1	70	38	12	18	67	6	29	50	60	52	40	85	73	91	48	82	19	49	98	21	62	46	32	92	58	87	88	95	93	37	54	53	34	47	64	7	83	13	24	78	28	76	79	42	61	43	80	26	10	55	39	100	63	3	45	75	22	81	14	96	20	33	65	31	2	94	51	41	56	72	77	4	9	16	99	15	25	11	23	57	59	89	68	69	71	30	90	17	8	84	97	44	27
62	60	8	4	63	27	21	9	53	95	75	84	56	59	65	36	87	61	100	92	73	22	78	83	7	30	40	86	1	98	46	97	44	41	13	17	16	70	19	90	54	76	33	5	89	38	42	74	66	11	94	67	91	85	23	10	50	37	2	12	64	51	93	82	47	45	96	26	68	43	3	72	80	18	49	57	81	77	39	88	69	71	31	32	24	6	29	15	28	55	79	20	58	35	52	34	14	25	99	48
37	15	49	41	71	63	20	2	45	100	53	43	3	8	79	27	87	54	11	76	85	33	61	18	95	60	99	55	36	35	58	88	42	28	6	16	73	77	84	14	68	9	57	39	25	92	26	24	21	89	32	66	97	44	82	83	67	93	4	96	51	75	91	17	62	47	40	22	80	10	30	12	64	74	46	72	23	98	78	56	69	1	90	94	48	81	65	7	31	13	19	29	86	5	70	52	38	34	50	59
82	41	35	89	19	74	15	45	91	90	39	28	12	13	38	79	48	55	77	53	11	86	7	52	21	22	97	9	80	25	3	64	8	76	20	68	46	84	60	36	40	94	34	14	32	49	85	96	78	92	81	59	98	47	50	30	95	33	54	62	58	99	44	24	70	87	6	83	17	42	93	18	73	43	71	1	29	27	31	56	57	37	67	72	65	75	51	100	23	66	63	88	16	2	61	69	26	10	4	5
90	21	77	7	50	59	100	68	10	78	2	96	71	11	12	89	53	80	13	27	34	57	17	81	6	98	37	72	56	55	82	62	63	85	92	88	43	73	52	42	20	60	65	1	75	51	25	58	76	61	35	86	30	29	4	14	49	32	23	47	39	94	67	54	5	26	38	74	87	64	40	91	36	22	9	84	79	97	31	41	83	24	70	69	45	8	93	19	99	33	66	48	18	46	15	3	28	16	44	95
53	80	9	16	99	36	34	67	32	75	57	68	78	48	91	96	63	70	88	52	39	26	69	35	97	12	6	23	82	65	43	27	38	56	83	50	24	66	100	93	55	47	22	8	17	29	7	20	4	77	3	15	2	18	19	31	51	62	11	10	59	25	92	58	64	41	72	79	46	37	45	28	13	95	60	61	84	87	73	81	1	94	90	30	49	14	21	54	76	85	74	42	89	40	5	44	86	98	33	71
48	80	36	77	99	71	10	76	85	43	52	96	30	20	86	26	73	41	56	1	60	45	100	53	49	69	89	38	94	51	93	32	66	7	35	57	23	83	6	13	81	29	2	3	78	27	68	21	84	15	62	25	58	97	28	17	44	92	64	91	65	47	46	18	61	72	14	8	70	54	95	82	12	24	90	33	88	22	42	40	19	87	11	16	74	37	34	50	4	9	59	63	75	55	5	31	67	39	79	98
42	16	66	9	70	14	24	46	51	81	25	12	74	29	1	43	56	63	5	40	13	38	4	59	32	93	79	58	91	8	82	26	27	97	55	23	76	98	83	68	37	89	99	2	34	10	86	57	48	54	33	87	3	18	84	22	88	11	31	96	78	36	60	7	20	72	6	95	67	94	80	92	28	90	44	65	62	30	17	45	73	52	64	39	77	100	85	61	71	19	50	75	47	35	49	41	15	21	69	53
