30	30
21	35	36	14	35	19	11	32	40	30	21	22	36	20	21	32	34	17	11	31	23	40	18	25	35	37	28	37	33	13
13	39	12	30	37	16	19	25	12	40	21	35	38	18	35	22	12	38	26	27	16	31	28	32	25	31	39	34	33	11
11	20	29	31	16	35	35	18	16	40	25	12	28	12	32	32	34	21	22	39	15	14	38	27	27	11	27	29	29	22
34	11	24	16	27	40	12	31	28	39	29	13	39	15	37	19	23	27	38	21	33	27	15	38	28	32	28	35	19	18
40	11	27	20	12	26	34	39	35	34	22	31	21	27	27	23	15	23	23	38	30	27	35	13	18	29	12	14	24	29
31	12	29	13	34	14	31	28	33	39	22	18	36	12	22	11	39	39	39	27	38	32	22	19	31	19	35	25	23	30
15	20	37	29	39	16	31	34	20	21	28	20	11	24	23	18	39	15	40	21	19	39	37	35	31	23	28	31	11	32
33	18	39	11	34	35	12	39	32	30	37	26	39	22	33	20	39	28	30	18	24	15	20	24	24	11	35	39	26	15
34	21	35	32	17	34	39	23	39	26	25	21	22	14	32	39	28	19	36	13	22	36	35	36	38	15	32	40	11	35
24	18	12	13	32	13	37	25	40	21	18	23	22	33	18	36	28	32	18	23	23	32	20	18	39	13	26	33	24	15
19	37	31	20	30	19	16	33	23	37	14	35	31	13	22	34	34	29	29	11	18	37	32	11	25	37	30	37	14	16
32	25	31	37	34	24	23	29	13	39	17	17	30	39	24	33	18	24	18	11	39	23	19	36	15	21	32	15	40	37
32	23	11	14	24	32	15	13	40	16	40	28	18	20	17	38	24	11	12	18	11	14	34	40	36	30	37	25	16	33
23	22	12	26	32	14	17	25	26	35	25	22	16	33	26	34	27	39	13	12	17	29	38	29	40	32	37	23	34	28
15	18	21	36	14	28	21	13	30	12	32	31	25	32	25	37	29	23	15	28	14	13	23	28	21	39	15	32	19	30
12	29	17	16	34	28	38	22	14	21	36	30	32	27	18	13	23	17	37	27	38	12	11	15	33	25	16	17	21	15
36	34	24	11	31	29	21	35	36	23	38	23	19	22	29	26	35	40	37	35	37	15	39	35	11	31	34	21	20	16
38	25	39	20	33	40	31	17	23	38	30	11	33	30	12	15	22	25	25	28	32	28	19	36	14	11	23	12	31	19
22	32	23	31	14	32	40	11	35	21	18	31	14	14	33	28	34	20	12	26	24	25	39	29	39	24	23	27	18	28
16	13	13	12	30	37	22	31	39	30	37	19	25	27	33	35	14	36	34	12	35	39	29	23	21	35	23	11	15	19
19	33	31	25	22	30	11	23	23	15	40	27	32	37	29	13	17	29	11	31	12	32	16	33	32	36	16	24	38	40
25	31	26	36	25	33	29	12	12	31	35	35	24	34	32	35	18	25	12	36	31	40	17	30	37	33	28	40	24	33
26	19	26	22	11	33	12	40	37	31	31	35	18	19	22	11	29	24	17	23	11	14	19	27	26	30	35	23	12	32
38	29	19	30	30	32	29	17	20	29	22	12	39	23	31	29	36	36	11	26	22	19	30	12	40	29	40	13	22	12
16	38	19	21	14	31	38	30	15	17	13	17	15	31	12	21	18	23	12	22	11	14	36	33	11	20	38	17	28	39
11	13	40	11	28	23	35	25	31	23	31	36	22	25	36	39	24	33	15	39	12	12	32	32	28	23	40	17	38	33
31	34	18	37	35	13	32	32	14	20	35	39	35	24	11	37	29	34	34	38	17	26	12	37	38	22	14	15	13	21
11	12	24	16	25	38	28	12	26	30	35	28	26	24	33	15	11	31	33	36	24	13	20	28	38	28	28	39	25	17
35	14	29	21	36	24	16	20	14	29	24	33	28	14	29	20	36	23	40	22	22	23	30	14	34	12	30	39	34	25
30	17	19	32	21	26	25	11	11	32	32	15	37	35	34	24	33	24	40	12	21	31	32	28	33	22	38	17	28	17
25	11	26	10	16	30	27	23	7	18	8	24	22	2	9	1	15	20	17	3	5	12	14	29	21	28	19	4	13	6
9	16	30	17	21	5	29	6	15	18	20	22	26	3	7	27	24	25	28	12	19	2	11	10	4	13	23	14	1	8
1	18	9	28	25	15	26	6	30	17	22	16	8	12	11	2	7	4	27	21	19	24	20	5	3	29	13	23	14	10
20	26	23	18	1	17	24	3	2	28	8	13	7	29	10	27	12	9	4	16	11	6	21	22	25	5	30	14	19	15
4	9	19	12	6	30	22	27	11	5	26	2	15	23	18	17	1	28	24	3	16	8	21	13	29	20	7	25	10	14
22	9	3	24	15	28	4	14	30	27	10	29	1	2	7	25	20	19	18	6	23	8	21	16	17	26	12	11	5	13
17	28	24	1	21	18	20	5	19	7	12	8	11	16	22	4	27	26	3	25	10	23	9	15	6	30	2	13	29	14
24	26	13	28	10	16	12	15	22	27	25	5	7	19	6	1	17	9	14	23	20	8	30	11	3	4	2	29	18	21
20	1	21	9	22	27	4	18	26	14	6	7	11	28	5	10	19	3	16	15	25	17	29	8	30	12	13	2	24	23
5	6	30	19	20	29	3	22	2	18	9	21	17	16	24	8	23	28	7	12	14	10	26	13	27	25	15	1	4	11
25	17	26	3	6	24	5	30	4	21	11	9	16	2	15	18	23	22	20	10	7	13	27	28	19	14	29	1	8	12
25	22	2	30	17	23	12	19	11	20	4	28	14	16	29	1	9	7	27	5	24	26	21	18	8	15	6	3	10	13
23	5	11	9	22	6	21	24	8	27	12	2	1	4	29	17	25	18	3	20	28	16	10	30	14	15	26	7	19	13
3	10	8	30	27	4	21	12	7	1	6	15	29	18	11	22	13	19	2	24	25	23	17	9	16	5	26	20	28	14
13	20	29	22	9	10	21	1	27	25	7	5	6	8	28	2	26	3	19	4	12	24	23	11	17	30	14	15	16	18
24	26	27	5	17	14	21	4	22	2	7	3	1	20	28	11	30	16	23	15	12	8	25	6	29	18	13	19	10	9
6	22	17	16	10	21	30	12	26	25	15	20	29	28	13	19	1	3	8	11	9	2	18	5	4	24	14	27	23	7
22	10	16	7	17	30	2	12	23	9	6	11	24	29	1	18	8	26	28	13	25	19	5	14	27	15	4	21	3	20
10	13	19	21	3	14	20	30	18	12	5	23	22	9	29	16	11	25	26	6	7	2	4	8	1	27	28	15	17	24
24	10	4	30	14	1	13	18	17	8	7	21	12	22	20	29	23	26	25	2	6	9	16	28	3	11	15	27	19	5
15	21	7	24	16	13	9	28	2	11	8	4	20	3	30	23	26	6	1	18	25	19	10	5	29	12	27	14	22	17
18	14	3	10	6	13	26	21	19	24	11	5	2	20	8	22	23	7	15	30	4	27	16	17	29	9	1	25	28	12
30	14	18	21	26	12	8	15	22	11	10	1	4	28	13	3	17	5	27	29	24	25	19	20	23	2	7	9	6	16
16	9	12	17	15	2	5	14	19	24	10	18	21	3	25	30	4	22	13	11	20	6	27	7	23	26	29	8	1	28
30	20	23	16	29	24	22	15	17	13	26	14	28	4	5	6	19	2	7	18	11	1	21	3	25	8	9	27	12	10
5	7	8	11	23	19	6	17	14	12	26	21	20	28	22	3	27	24	1	10	2	30	18	4	29	25	15	13	9	16
17	27	18	6	15	24	2	5	23	30	8	26	11	28	4	29	10	12	13	7	20	19	21	22	1	9	25	14	16	3
28	21	1	5	16	29	17	3	30	14	8	22	13	4	18	6	11	24	27	7	2	20	15	10	26	12	19	23	9	25
25	28	13	24	21	16	23	8	5	29	10	19	7	27	1	20	22	17	12	6	26	15	18	11	30	2	3	14	4	9
28	5	14	27	26	29	25	8	7	2	23	30	10	1	15	20	4	24	9	13	21	17	11	16	19	6	3	22	18	12
