100	100
16	22	23	19	20	22	16	26	11	27	12	23	18	24	39	17	36	29	31	16	29	31	22	39	21	39	40	25	29	15	34	34	20	28	34	11	33	24	20	20	18	40	33	36	12	11	39	28	19	35	24	30	26	21	36	19	18	14	17	32	28	36	14	15	35	28	22	23	37	31	27	24	30	20	29	26	11	15	36	26	13	34	18	37	36	19	33	20	14	18	34	40	15	38	16	36	30	17	19	11
13	21	34	26	26	34	36	18	30	39	21	25	11	35	34	34	12	28	24	14	11	35	40	24	17	31	32	17	13	23	38	32	22	18	24	19	22	23	22	31	15	18	18	24	15	36	27	39	29	11	24	21	34	39	28	18	36	35	21	39	31	11	23	12	39	20	35	29	30	12	13	23	39	18	13	21	33	11	20	29	33	17	13	18	18	27	33	26	16	28	21	31	33	27	33	16	24	28	29	12
32	31	21	11	34	40	35	36	32	18	11	36	30	36	28	25	24	31	31	22	17	24	35	38	26	35	38	20	13	18	32	16	15	16	35	32	19	24	38	28	28	26	24	19	25	24	34	27	39	21	24	14	31	13	25	25	11	40	22	14	32	40	12	13	31	30	27	33	11	40	39	34	29	39	21	19	24	14	11	19	31	24	29	26	20	11	23	30	35	28	21	31	23	26	38	25	30	30	38	37
22	33	18	14	32	26	25	39	30	13	15	15	11	30	14	35	30	16	17	26	18	16	26	28	34	11	21	21	13	35	13	28	15	11	39	31	25	28	18	14	28	39	33	17	20	21	24	17	36	17	27	27	29	23	20	33	11	33	34	27	30	20	27	39	30	26	21	38	15	34	25	32	25	39	14	35	35	27	25	33	26	18	39	25	24	26	36	32	31	36	37	32	29	25	40	23	16	33	38	33
23	23	35	38	37	23	18	34	18	40	22	23	29	17	38	27	40	16	13	12	22	37	35	16	20	31	36	38	22	12	29	11	37	31	18	11	33	13	31	14	17	23	18	17	30	26	27	40	17	24	15	34	33	13	37	39	36	21	32	20	20	36	35	24	33	40	31	23	29	21	22	20	15	27	27	30	21	31	36	14	20	28	13	32	40	15	24	25	27	38	19	39	13	14	24	20	36	15	15	19
29	12	17	30	25	19	36	18	27	16	13	13	39	25	22	37	21	37	19	32	37	27	39	16	20	24	19	21	22	33	17	11	25	15	34	22	14	38	11	25	38	28	17	37	11	33	12	17	15	29	38	39	16	31	17	29	36	29	25	18	32	27	18	40	22	40	38	37	25	19	19	19	27	34	13	39	11	18	23	28	37	12	21	39	20	22	16	28	16	36	21	33	31	36	35	25	34	37	32	28
21	19	27	32	30	23	36	24	27	15	35	33	38	29	15	14	37	23	13	23	11	11	40	26	15	37	21	23	29	38	16	27	11	39	22	23	22	14	23	35	26	32	30	24	12	15	18	39	14	13	13	21	25	29	17	17	37	27	37	28	16	37	17	38	32	19	19	16	16	18	25	16	20	25	12	38	30	24	22	25	20	14	14	14	33	12	14	27	39	16	11	16	40	29	25	18	17	39	31	21
11	25	38	40	29	15	40	35	18	39	33	40	34	18	37	38	39	21	23	28	18	38	18	39	30	35	30	11	23	17	30	11	33	16	38	20	33	23	31	24	33	17	29	40	40	29	31	37	28	13	30	36	40	24	22	30	33	26	18	27	39	30	38	40	22	30	26	17	35	37	33	22	16	12	40	26	30	13	33	24	30	21	33	24	18	29	19	23	27	28	22	35	17	11	27	12	29	34	18	31
25	15	37	11	12	27	35	32	33	13	32	15	14	27	33	29	12	22	22	36	31	23	15	24	11	36	19	18	18	33	12	37	18	13	15	16	40	33	18	29	23	24	11	32	29	40	39	18	39	26	36	20	34	12	12	24	31	17	32	38	17	31	12	12	32	28	29	17	39	22	29	14	30	13	14	11	21	11	12	16	11	16	25	19	22	23	35	27	40	11	11	20	35	32	36	38	25	14	15	40
11	36	24	35	17	30	21	36	36	11	19	12	33	17	12	30	18	38	24	14	39	26	40	13	26	40	30	11	37	29	19	37	13	36	11	28	39	25	30	20	31	35	19	35	25	29	35	33	15	20	39	11	37	32	38	21	32	33	12	34	17	16	22	18	12	20	18	16	17	34	33	21	18	16	17	35	34	39	15	13	21	31	11	27	14	39	25	23	38	32	36	27	30	33	16	28	21	22	25	38
12	19	15	18	11	26	12	18	12	25	24	22	40	32	15	23	37	32	33	37	29	16	37	14	23	20	14	36	16	12	23	20	22	34	34	11	26	39	19	39	17	28	29	11	37	31	31	17	12	27	36	31	36	30	11	21	26	32	12	12	36	17	37	23	27	29	24	24	35	23	37	30	18	13	26	16	17	11	15	13	30	25	12	11	16	18	27	29	29	37	11	22	20	16	12	12	33	30	29	28
28	29	18	40	32	29	25	23	38	20	15	24	34	30	38	16	40	11	29	12	31	25	20	15	33	36	30	38	37	35	39	19	34	24	23	25	28	22	19	40	21	34	35	36	29	29	16	26	21	25	32	30	32	20	21	24	29	34	24	40	31	12	33	25	36	26	40	19	28	19	12	33	13	33	12	19	30	18	27	34	24	27	11	21	18	14	36	22	32	22	21	13	32	12	22	38	13	21	38	16
37	14	22	14	33	12	24	38	39	35	28	19	17	15	17	23	20	16	26	31	38	37	18	22	13	11	25	22	29	23	11	16	26	20	37	31	26	12	31	16	13	36	39	30	22	28	16	24	26	21	40	28	28	25	18	28	29	33	40	11	18	40	34	39	31	14	22	13	34	19	16	29	39	31	20	13	13	30	24	16	36	33	15	22	22	40	23	36	11	29	19	30	21	34	30	40	36	22	29	30
19	35	39	11	29	33	37	35	30	33	21	22	31	20	18	17	14	29	23	20	21	38	12	32	32	21	17	20	15	33	34	38	19	32	34	29	21	32	14	40	25	31	22	39	32	20	21	13	31	22	27	37	24	21	14	22	39	21	32	13	23	21	33	39	29	19	11	24	29	17	31	22	35	31	30	23	15	24	36	19	14	16	38	40	13	38	11	18	36	39	39	40	19	38	12	40	15	17	39	12
33	20	14	25	31	14	34	30	39	24	39	35	37	30	15	26	22	15	23	31	37	17	30	27	26	15	21	17	37	15	36	14	11	17	29	20	29	36	27	21	28	29	31	33	11	17	40	39	24	11	38	11	37	29	33	31	37	37	12	16	24	19	29	39	40	29	17	38	32	28	29	34	17	34	15	16	40	34	13	30	34	15	28	32	24	21	35	30	37	28	11	19	19	31	25	15	29	33	35	32
18	40	34	21	36	34	37	24	22	21	21	35	35	26	36	15	22	38	36	24	17	13	14	40	21	15	39	14	16	29	17	24	25	25	20	17	38	27	31	34	14	18	17	32	11	29	37	20	20	39	14	29	32	26	12	18	36	19	18	30	12	18	14	40	18	40	38	20	38	30	19	37	18	15	24	20	26	35	25	36	37	32	33	11	30	30	32	38	12	19	25	21	32	26	29	14	37	14	40	18
33	35	34	21	21	19	23	29	18	34	19	40	34	25	13	38	14	34	27	21	15	27	26	35	21	36	37	31	13	24	26	34	19	14	31	27	34	26	37	25	34	36	35	34	28	31	35	26	14	20	25	31	13	23	36	11	12	13	24	22	37	35	30	33	22	39	20	26	24	34	19	38	17	36	26	36	20	25	35	29	12	17	39	22	31	25	20	21	14	28	26	14	26	17	21	16	31	36	38	33
24	35	37	25	26	15	27	37	30	20	30	35	29	35	34	31	25	17	31	38	34	32	16	15	34	25	18	13	24	21	37	35	28	34	12	24	37	32	26	28	35	12	22	22	13	13	11	37	30	37	37	30	31	34	18	14	26	39	23	25	34	17	16	34	39	13	34	32	21	26	32	25	35	34	12	31	22	23	26	37	29	24	12	31	39	34	17	31	12	30	25	38	11	25	12	31	23	27	11	24
24	38	29	15	21	24	35	25	18	14	38	12	21	11	16	37	23	34	28	21	31	25	35	15	29	39	28	30	26	28	40	18	39	18	11	34	13	37	30	15	27	24	15	31	31	15	13	38	29	15	23	14	11	29	30	16	12	11	20	14	35	39	17	22	23	22	18	27	35	11	40	31	19	35	22	30	21	28	29	39	21	40	18	17	18	26	23	30	11	14	30	26	14	28	38	13	26	40	11	30
23	34	40	32	35	11	31	12	24	31	21	39	23	33	25	35	25	23	22	19	11	27	17	33	35	24	36	14	36	37	18	25	28	40	27	25	24	30	26	12	20	14	36	40	30	13	33	12	34	14	40	25	18	11	14	14	35	36	11	25	36	32	39	14	15	31	37	11	19	25	25	19	26	38	18	35	21	25	40	30	29	25	21	14	28	40	26	36	36	15	16	20	15	19	33	40	38	32	27	19
40	17	17	25	35	33	21	15	11	15	23	16	31	20	29	27	29	14	17	19	26	18	13	28	14	12	26	26	26	13	13	30	36	40	29	17	21	39	29	36	28	28	16	31	19	31	25	34	29	26	30	11	16	19	29	20	15	27	26	11	30	38	31	20	33	34	17	35	11	35	27	32	29	27	39	35	33	12	20	32	11	23	11	19	28	30	34	32	12	29	25	33	14	13	28	35	17	16	37	36
12	23	16	26	12	37	17	26	39	14	39	11	32	23	40	25	34	14	13	39	39	36	31	22	40	31	31	36	36	20	31	38	25	35	28	40	33	33	24	34	29	15	32	18	14	34	23	28	24	33	18	20	31	37	19	18	39	11	31	28	20	18	35	39	33	40	36	12	35	14	31	22	38	18	29	29	33	12	13	13	28	32	22	40	32	38	29	22	22	30	14	30	11	40	32	30	38	28	11	33
31	14	28	37	16	22	16	20	25	21	40	11	17	21	34	37	19	29	19	16	27	39	26	19	21	29	21	19	36	15	28	29	28	33	25	24	32	27	33	28	27	28	30	25	21	32	15	18	33	38	31	13	20	14	29	35	24	37	22	31	24	13	32	28	37	13	40	38	32	30	39	14	30	39	13	38	21	19	22	28	38	36	33	15	25	14	39	31	19	22	14	19	34	28	30	25	39	31	11	13
30	38	31	29	27	38	21	39	25	26	37	16	35	34	35	19	31	17	30	23	31	32	12	15	39	32	29	15	27	40	25	38	35	23	14	18	25	40	11	14	32	22	32	19	13	12	25	39	36	14	12	13	19	26	36	38	36	40	36	39	24	21	40	27	26	21	23	12	11	14	28	11	17	37	14	38	32	37	21	16	12	15	20	31	25	11	18	34	22	24	16	21	31	14	18	24	16	27	36	22
38	25	18	22	11	35	25	34	34	31	25	12	25	32	39	39	11	25	39	13	14	18	18	18	27	13	40	16	17	29	37	30	26	25	19	24	23	16	22	26	25	28	13	17	21	16	37	32	22	23	17	19	23	25	25	29	18	40	39	29	20	25	33	31	12	26	34	35	20	23	34	36	24	15	34	18	16	17	22	37	33	12	30	40	37	27	34	24	19	13	40	11	26	30	15	18	33	12	19	37
19	36	11	17	11	18	31	17	28	38	40	29	17	14	21	29	38	27	32	28	36	22	25	21	17	19	36	13	33	36	33	12	11	23	17	16	31	16	35	25	31	33	11	16	33	38	18	16	36	27	15	11	24	17	36	31	31	11	16	26	16	12	11	32	32	32	23	27	33	11	12	30	34	33	27	33	20	23	32	21	28	38	25	18	31	40	23	18	17	29	11	21	23	16	31	22	26	35	40	13
25	38	17	35	21	12	35	38	14	20	18	33	32	17	20	11	38	38	29	12	33	15	23	17	30	17	24	27	13	36	26	13	18	21	31	28	37	29	33	13	20	11	39	18	16	19	31	20	12	22	13	19	38	23	34	22	40	19	13	33	29	40	20	13	26	40	37	13	27	34	28	12	22	12	31	39	28	11	22	16	25	22	23	27	15	28	25	20	32	30	11	18	11	25	35	27	16	27	31	15
39	37	17	18	39	20	13	13	40	15	36	24	13	38	14	11	13	17	27	16	28	17	29	25	16	11	38	20	12	28	24	14	36	37	39	20	23	39	23	32	37	24	20	17	38	34	24	38	38	33	34	25	33	40	18	18	13	38	36	36	11	40	31	31	38	20	25	36	31	24	28	32	36	20	21	17	13	24	25	38	11	21	29	30	36	35	35	21	15	22	35	29	33	31	17	15	26	39	32	18
27	25	32	38	16	14	19	29	25	27	23	16	30	39	35	23	21	19	22	32	39	19	26	34	39	39	31	36	16	16	27	34	28	15	31	24	35	40	29	39	29	38	33	39	18	28	39	16	30	19	26	15	27	31	39	39	11	21	16	36	18	37	25	40	21	25	36	16	23	36	26	37	40	16	23	39	26	39	20	18	13	25	22	31	13	36	15	27	26	16	14	36	34	31	33	11	11	31	28	25
14	31	28	33	14	25	39	29	15	25	29	21	17	34	12	11	11	23	19	37	22	16	29	36	34	16	16	25	34	13	38	11	35	14	13	34	37	35	30	24	25	24	32	27	33	11	38	19	28	20	17	30	31	35	18	38	16	20	16	29	27	33	11	33	31	32	20	16	25	13	27	17	36	24	29	27	13	36	11	18	36	32	15	13	36	20	22	14	21	18	31	30	40	31	38	31	20	18	31	25
16	36	36	34	30	27	39	24	29	28	31	39	15	14	40	20	30	16	17	21	19	23	20	13	35	30	14	13	33	36	19	34	17	22	24	17	22	32	26	34	15	29	15	22	22	15	36	38	26	12	23	12	19	36	37	17	26	30	32	27	38	31	38	40	18	25	22	23	40	20	31	16	13	12	36	21	19	16	11	13	20	15	24	11	36	14	15	39	22	23	27	25	13	31	28	33	26	11	35	34
11	38	12	38	14	34	26	39	28	38	20	30	23	28	12	17	34	35	28	28	26	19	38	40	29	27	13	39	29	19	17	21	34	12	24	35	38	20	38	13	29	30	16	29	29	30	38	35	34	15	12	23	40	16	36	38	12	34	28	23	36	40	20	11	38	33	34	27	38	23	35	37	19	32	39	33	27	30	17	31	37	22	20	30	25	16	24	22	16	31	13	34	37	12	19	32	16	37	18	35
35	21	34	30	37	20	24	38	11	25	36	24	25	15	35	14	35	40	39	39	23	13	39	38	19	19	26	16	18	28	29	17	26	39	35	15	39	27	29	19	32	15	18	20	33	24	40	19	20	21	15	22	35	36	12	29	25	25	25	18	14	39	24	19	17	28	33	25	23	28	24	36	36	23	34	32	24	35	34	37	28	37	34	16	21	40	24	36	28	11	37	25	24	29	35	18	22	18	17	21
15	27	18	25	32	14	20	15	35	18	11	23	33	12	18	13	15	11	31	14	32	14	28	28	34	22	31	36	18	36	40	30	14	26	35	31	18	26	19	34	29	39	35	20	25	39	12	35	32	32	24	33	38	36	34	28	14	11	40	19	25	32	31	36	27	26	39	30	33	15	23	36	35	24	36	23	29	14	37	24	36	11	33	25	21	18	22	30	20	14	18	32	19	13	38	35	13	18	32	40
30	25	24	12	40	29	33	40	36	28	22	39	23	23	13	14	21	40	23	38	11	17	29	40	34	40	12	20	22	12	20	28	36	32	27	32	24	27	11	17	18	32	16	26	34	24	27	34	12	29	15	11	19	23	19	14	35	25	14	29	27	14	30	31	12	11	21	29	13	26	17	22	18	31	12	11	24	28	29	40	23	35	37	37	18	31	39	14	32	30	26	16	14	19	19	22	22	38	32	36
23	19	37	15	37	28	39	31	16	26	30	34	17	11	34	20	33	34	38	19	13	29	14	16	29	25	26	14	13	28	11	21	23	21	13	25	22	23	39	14	21	33	20	15	23	18	36	20	18	27	37	21	14	40	13	24	36	17	22	30	16	29	32	39	33	18	20	25	26	18	12	12	17	39	18	30	26	28	37	12	26	18	13	32	16	31	14	17	28	28	37	23	22	32	35	33	24	12	35	34
11	34	18	24	14	37	24	19	20	21	25	22	19	21	40	16	12	24	18	21	14	33	24	37	24	20	15	23	38	19	34	28	11	18	28	28	11	40	25	17	37	11	34	36	18	11	16	13	19	21	40	29	11	24	29	18	17	11	28	32	34	11	21	19	16	18	35	19	39	19	15	40	14	14	27	26	11	30	26	18	31	20	35	30	32	38	30	22	25	28	40	19	23	38	23	34	11	33	11	27
34	37	28	38	37	35	34	16	19	30	26	28	18	22	17	37	34	20	37	27	23	27	38	37	34	23	32	32	27	28	17	30	27	17	23	37	22	40	13	30	33	14	23	33	25	13	11	32	18	38	17	29	40	16	32	28	15	27	14	30	32	30	15	30	27	14	35	36	27	34	33	32	27	12	15	17	18	16	16	17	38	32	23	31	15	11	25	19	28	40	25	40	14	37	14	27	11	11	31	17
33	22	22	21	14	15	20	17	18	35	18	14	14	28	40	29	13	30	32	34	26	11	12	32	32	18	23	36	39	13	34	19	17	37	24	22	30	38	13	25	32	36	21	29	33	16	40	24	24	26	31	25	17	22	36	33	38	40	27	26	20	40	30	28	35	11	24	26	31	18	38	13	14	11	27	39	36	36	11	20	37	15	17	17	28	24	21	32	30	31	20	17	36	36	28	30	16	32	26	36
16	35	40	37	23	31	34	35	37	12	33	21	26	33	16	26	27	21	19	16	36	19	38	34	33	28	34	37	35	30	14	39	35	31	12	34	20	22	32	37	34	19	11	28	25	34	18	36	35	33	29	29	21	11	30	21	13	38	21	13	36	22	15	39	17	17	13	23	37	15	11	13	23	19	34	40	37	38	26	22	26	30	32	32	37	26	26	33	36	39	35	40	30	29	40	16	31	17	30	21
26	16	38	22	39	22	14	30	31	20	32	23	14	27	20	31	28	37	18	27	32	26	18	35	30	14	14	39	33	29	32	37	34	26	26	23	39	22	18	27	29	29	29	13	21	29	32	19	26	12	22	20	35	20	26	39	23	15	26	29	28	33	12	33	33	26	38	16	16	11	13	26	21	34	23	19	37	21	40	32	23	31	35	36	27	13	37	11	20	16	28	20	18	25	13	26	14	30	29	11
11	20	21	32	27	32	32	30	39	39	38	22	16	22	33	17	34	27	35	37	20	24	11	30	37	13	17	32	33	32	36	15	35	26	32	39	26	20	23	15	13	22	27	18	26	29	27	38	37	40	24	20	34	37	15	19	38	25	34	26	19	16	20	36	18	37	28	16	12	21	35	30	24	40	39	16	19	36	40	26	23	21	12	11	11	28	16	19	16	29	26	38	35	29	38	16	15	14	13	22
21	16	34	12	28	23	20	29	27	33	15	29	35	25	17	21	32	35	18	37	34	11	17	40	32	17	20	34	26	11	28	34	17	11	40	20	40	25	30	39	25	20	18	39	35	25	36	21	16	26	14	25	40	23	30	30	21	26	23	13	33	30	23	33	37	24	28	32	34	39	25	22	13	19	16	11	33	21	13	31	35	20	18	16	37	32	40	14	32	39	20	33	12	39	39	17	39	23	26	14
11	40	16	23	37	26	21	39	27	34	18	26	22	15	36	23	18	35	27	16	28	39	28	28	25	19	22	11	26	34	28	37	23	35	28	39	30	14	27	19	27	17	32	13	26	24	21	36	14	21	30	22	37	31	32	34	21	13	24	39	31	28	15	39	26	16	13	40	23	11	26	29	38	38	20	19	28	23	20	32	36	17	33	13	13	33	27	13	34	25	18	24	25	15	37	21	18	37	37	24
32	29	31	31	37	14	24	20	29	20	36	26	11	35	18	32	32	24	23	35	40	30	15	14	17	14	25	34	13	35	40	29	34	20	31	23	19	37	34	26	29	20	26	38	11	29	36	18	20	11	28	39	36	26	35	33	33	13	34	36	18	16	13	18	11	22	20	36	11	18	30	25	33	37	26	26	28	34	40	23	39	37	28	35	11	22	36	13	31	39	24	16	32	25	16	11	30	21	12	12
35	37	19	38	35	32	33	16	19	21	39	25	25	28	35	24	21	33	30	24	18	20	37	21	29	38	37	37	38	22	23	39	16	24	28	35	33	23	35	36	17	33	22	30	23	35	29	21	38	37	29	19	38	22	33	13	19	22	18	15	40	21	19	24	14	40	38	16	27	15	29	14	17	17	29	18	32	26	23	31	25	12	29	21	32	14	35	22	36	37	35	12	16	17	29	13	11	19	27	13
22	30	15	29	19	13	30	22	36	14	26	31	36	19	23	23	21	17	26	25	38	12	22	20	26	35	17	33	25	35	37	16	15	21	18	29	24	30	24	13	14	18	29	18	12	17	14	25	40	17	14	19	15	31	27	39	21	28	25	26	14	27	22	22	36	32	22	40	37	14	25	25	29	29	13	11	28	37	29	24	12	27	38	11	30	37	35	31	11	22	31	22	13	37	15	25	16	35	19	36
17	23	37	12	12	32	36	37	25	36	11	25	24	19	14	26	17	14	26	37	21	12	28	26	26	27	15	33	32	40	40	23	11	13	13	35	36	33	24	38	12	17	21	39	37	32	27	25	18	32	32	14	24	23	33	39	32	39	24	40	17	27	36	29	24	40	37	30	40	17	36	19	18	29	29	15	15	39	14	18	29	30	19	39	13	29	25	38	20	29	33	40	14	22	31	23	16	25	16	35
16	39	40	24	35	21	21	12	32	36	32	16	31	24	22	37	17	33	30	28	12	30	33	11	29	28	16	23	17	31	33	26	24	40	17	25	21	24	23	28	21	26	19	22	22	31	36	36	21	19	21	40	23	23	32	11	39	16	31	40	18	15	30	12	29	18	27	30	32	20	24	22	16	14	14	29	36	29	16	20	20	26	40	31	19	34	32	23	40	31	36	33	16	22	26	33	38	15	24	13
14	37	19	19	14	32	33	36	27	21	32	21	11	17	20	16	13	24	24	20	12	14	15	12	16	35	26	21	15	36	12	35	24	17	27	21	24	12	36	40	16	36	40	34	39	40	21	16	33	19	20	28	30	25	37	18	30	26	22	40	23	21	40	35	31	32	40	35	36	26	15	15	29	27	22	21	33	36	31	39	35	29	11	37	34	33	15	13	33	13	20	12	12	27	18	16	16	16	21	26
14	25	28	34	31	15	34	36	25	36	31	29	22	34	32	24	17	31	16	14	18	22	23	23	33	37	30	32	35	23	27	32	30	15	16	25	22	11	14	35	30	33	35	23	21	18	15	29	34	39	11	18	40	11	13	37	37	25	26	24	16	32	37	35	12	13	36	25	30	24	30	35	31	22	31	16	30	11	26	13	20	17	18	17	15	19	11	34	21	29	23	22	40	16	16	13	19	15	40	38
30	30	34	39	28	13	18	34	34	27	20	38	27	28	16	30	32	11	40	29	18	23	28	23	34	15	28	40	36	16	22	21	32	15	31	40	22	25	24	32	21	23	14	28	22	15	34	37	12	27	22	16	40	37	36	36	35	27	26	20	31	35	30	24	33	26	12	12	35	40	17	30	32	16	38	11	30	33	19	22	16	17	31	40	14	33	34	28	39	12	20	36	29	31	40	26	36	11	22	38
26	25	32	25	36	26	26	12	34	23	18	30	34	29	38	32	30	36	13	35	40	36	32	32	34	40	13	12	23	32	16	25	20	39	16	37	19	33	29	23	27	19	30	11	37	31	28	38	21	27	35	32	39	17	32	25	31	24	39	26	12	36	17	25	29	37	23	26	12	24	18	37	30	34	40	21	19	26	20	30	40	30	13	15	33	35	13	37	32	13	16	18	33	39	22	25	38	13	14	33
21	38	12	40	17	22	23	14	19	26	24	40	36	18	21	14	32	36	23	14	29	21	22	33	16	38	34	13	16	29	12	39	32	32	26	22	22	14	31	17	33	12	12	11	29	32	18	27	17	25	22	15	36	23	27	27	13	38	34	18	36	27	22	23	28	26	14	33	16	28	20	29	12	20	20	35	19	21	18	12	30	22	19	20	34	21	14	37	40	25	17	12	28	18	28	38	36	30	11	22
26	30	19	34	32	11	23	39	34	19	18	31	17	12	29	14	25	19	21	34	27	35	12	22	30	22	17	29	24	11	32	32	22	27	36	29	21	24	24	18	11	16	25	37	24	19	17	13	38	33	12	30	25	13	16	19	36	35	17	26	21	38	24	30	29	33	13	21	22	18	28	39	22	29	20	19	26	30	38	20	17	29	25	16	30	40	30	14	14	35	32	33	24	27	32	35	18	28	37	17
24	39	22	31	17	36	12	39	39	20	36	17	32	24	19	20	33	36	29	27	17	36	13	15	12	30	35	17	18	38	32	37	26	28	17	31	17	25	25	19	15	19	16	24	37	13	18	30	14	17	11	34	38	35	37	23	36	24	18	31	35	30	19	22	11	30	21	19	18	19	23	24	16	16	28	22	23	38	16	24	36	36	30	36	11	33	13	29	33	38	14	13	13	15	27	25	19	24	25	11
33	29	31	21	31	34	24	30	34	38	19	16	13	23	28	13	16	22	20	37	22	19	24	30	31	39	24	29	26	15	37	39	24	37	32	34	12	19	31	24	24	30	26	40	36	11	12	34	28	12	13	19	14	40	30	23	15	19	24	23	25	24	13	35	17	15	37	22	15	12	30	33	15	29	39	20	13	30	37	27	20	25	26	25	23	35	38	35	33	21	36	30	11	21	40	32	18	32	36	35
40	22	15	28	33	22	39	28	31	27	38	26	38	32	33	34	18	39	20	39	21	31	30	26	25	17	30	39	17	34	32	38	11	33	21	30	37	37	18	24	20	14	12	13	31	21	12	26	27	17	32	33	36	30	40	15	31	17	15	33	20	38	19	16	15	26	28	17	34	23	31	14	14	15	37	38	19	29	35	23	15	38	35	24	35	22	15	30	35	12	27	19	33	32	34	21	40	32	29	17
34	21	15	33	40	19	37	14	28	35	29	32	39	24	11	37	33	37	29	20	40	21	37	18	21	36	20	26	20	32	22	24	39	37	37	14	17	31	14	24	12	38	30	15	12	30	19	24	36	11	26	30	20	31	17	35	32	38	35	24	15	25	36	20	30	29	17	39	22	12	28	16	20	25	11	11	29	20	35	14	32	37	15	13	35	12	19	23	29	40	11	12	38	14	30	17	34	11	39	29
40	11	20	34	19	23	12	17	26	13	27	31	14	17	11	23	17	30	24	28	38	34	33	31	17	18	36	36	30	19	17	34	29	34	24	17	34	24	14	33	32	40	19	33	37	34	17	27	26	17	12	11	20	12	16	27	16	12	11	22	23	30	31	29	40	17	33	33	23	32	29	30	24	38	39	23	22	39	24	17	22	24	39	17	29	38	19	34	37	23	30	32	13	12	31	38	20	38	13	23
22	17	28	25	28	35	32	29	25	15	22	31	17	15	14	27	23	13	25	33	36	17	38	24	22	16	29	26	19	29	32	20	13	25	25	17	11	38	15	36	16	40	35	21	19	17	31	35	24	40	14	25	16	28	37	39	18	13	18	17	11	21	15	38	23	20	13	28	26	12	30	28	39	40	32	13	40	29	36	19	35	34	18	13	33	16	32	33	20	27	36	32	18	12	34	18	21	15	33	18
36	20	24	17	23	38	28	38	36	37	18	19	14	25	13	20	22	25	28	11	29	20	30	34	26	37	24	11	23	31	26	37	31	32	27	36	18	35	15	20	36	15	24	29	36	27	31	16	33	36	23	23	20	29	23	22	27	17	14	12	25	28	28	29	17	37	20	29	24	23	27	16	31	38	37	27	14	40	18	39	17	40	12	11	13	35	35	37	39	16	34	11	33	25	15	20	26	33	36	37
23	14	26	29	13	31	25	14	17	39	39	19	31	13	38	25	25	27	26	23	33	32	16	25	13	20	32	22	30	11	30	14	23	17	17	19	17	31	28	22	21	13	27	12	20	27	19	11	28	24	37	22	13	16	12	18	37	17	15	11	32	32	31	16	29	37	30	28	25	17	25	27	23	23	40	28	30	38	38	25	32	34	32	24	21	36	13	14	17	28	17	34	32	30	30	23	17	27	21	13
15	11	22	21	16	22	16	16	40	33	11	17	36	33	23	40	25	32	25	32	24	36	25	28	40	13	32	15	31	13	24	26	29	36	18	33	16	29	34	30	31	15	18	31	25	30	13	13	11	38	15	19	34	11	22	22	16	37	11	15	17	35	34	38	25	20	31	15	40	36	40	22	29	14	29	38	13	13	32	22	35	29	23	35	16	16	11	37	11	11	24	32	16	13	40	25	24	28	37	36
33	37	27	31	29	19	27	21	34	11	19	12	23	19	31	32	32	25	37	13	25	25	25	35	37	29	28	37	29	16	25	16	26	27	15	35	30	25	22	36	14	40	28	30	33	16	11	36	27	40	40	14	32	27	32	24	24	35	37	11	30	18	32	15	21	15	18	30	16	26	39	23	12	32	11	34	17	13	19	16	32	14	22	26	14	17	26	22	25	27	15	30	34	19	16	29	32	28	37	16
26	23	33	37	21	23	21	17	11	19	29	19	13	19	36	35	39	12	26	31	38	22	15	17	39	40	39	28	14	31	40	39	34	17	19	18	33	22	37	34	29	25	33	24	23	17	37	25	36	24	30	34	31	12	37	31	33	13	30	34	16	27	34	14	18	27	15	31	26	22	26	29	31	26	31	14	33	37	20	11	34	38	35	24	18	36	20	21	15	18	36	31	29	22	39	13	19	32	39	30
16	21	27	39	14	16	37	38	15	12	32	27	23	30	17	32	19	25	20	12	25	15	17	38	32	27	19	23	36	24	39	36	30	25	14	27	33	20	33	12	13	35	27	25	33	30	21	20	38	30	40	25	32	29	19	18	37	22	22	20	19	30	37	26	27	16	14	36	38	11	27	39	15	38	38	30	24	15	25	24	15	16	13	20	22	34	21	30	20	25	15	19	19	12	23	29	33	14	30	32
18	22	20	17	40	11	17	17	32	33	31	30	22	31	21	11	29	40	39	36	15	21	28	32	21	26	40	18	35	33	37	15	18	15	30	39	38	24	23	35	30	23	30	31	15	20	33	30	25	22	32	21	38	15	21	31	14	34	35	19	24	11	33	40	17	35	26	40	26	16	25	21	18	29	40	36	28	25	16	34	23	34	20	32	14	29	28	31	39	31	27	30	17	40	12	35	33	35	27	13
33	28	18	29	21	25	35	28	18	38	31	33	40	25	13	29	27	22	26	22	24	24	17	11	18	37	39	23	35	33	27	20	31	35	32	18	18	29	11	25	15	37	29	14	32	38	22	26	29	26	34	28	33	21	12	14	23	22	33	31	35	19	33	25	26	17	14	12	24	25	40	16	37	40	25	24	12	39	26	23	24	19	16	33	20	17	28	26	26	27	25	14	39	11	29	40	18	14	11	29
26	16	19	14	24	30	26	28	19	14	12	32	13	13	32	17	13	24	37	28	12	39	19	20	23	16	23	20	20	29	20	24	18	11	26	13	20	24	23	36	27	38	24	20	22	12	11	38	38	20	23	15	18	33	22	36	31	15	27	37	23	19	34	11	12	26	22	20	28	33	12	16	15	23	38	23	35	39	16	40	35	31	35	14	32	20	28	23	32	31	29	40	30	39	36	12	36	40	35	20
26	11	39	17	29	34	13	17	20	17	30	18	33	14	26	33	38	34	34	37	22	31	39	40	12	20	23	27	34	11	37	18	28	11	23	31	17	16	23	16	16	30	31	30	22	34	24	15	24	22	39	33	37	38	25	15	15	13	37	36	38	25	20	11	29	21	33	34	18	18	15	26	18	17	27	28	28	21	36	28	26	22	40	25	22	32	37	40	20	34	12	35	25	36	24	33	24	36	11	16
17	33	40	30	34	12	32	21	21	26	21	37	30	30	24	33	33	26	25	14	17	31	12	19	29	22	23	25	27	39	18	17	38	19	26	37	20	23	11	13	37	22	29	17	38	28	35	19	29	35	18	23	16	34	24	13	35	26	36	18	24	26	16	30	20	16	19	16	26	35	13	16	33	20	22	21	29	17	22	24	18	13	19	31	35	28	26	17	11	13	23	37	33	11	23	27	25	24	34	11
25	37	26	29	38	35	13	32	38	40	31	27	17	19	33	11	40	31	34	14	40	16	39	13	18	26	36	29	28	38	40	29	37	31	20	15	25	26	31	15	11	23	34	12	20	25	33	22	21	16	16	21	14	12	14	23	31	36	12	13	26	14	24	40	24	33	25	17	32	29	27	32	27	12	32	25	30	20	32	36	33	33	27	14	16	39	25	27	37	11	16	29	23	39	16	27	28	18	39	39
20	36	34	23	19	29	19	26	39	38	19	13	21	28	18	26	29	25	36	30	33	38	23	37	26	15	22	25	15	32	33	39	20	22	28	37	32	23	39	24	12	31	23	32	39	18	13	26	17	29	29	29	38	39	15	29	20	35	12	15	26	17	26	22	29	32	28	17	33	21	16	20	31	25	27	26	11	18	14	14	32	33	30	28	37	17	11	14	19	38	23	12	20	34	40	35	16	22	17	30
29	30	21	20	16	36	29	24	33	25	33	13	23	29	32	40	19	33	35	32	18	17	23	27	17	15	15	26	15	22	23	23	26	29	26	23	30	31	13	25	32	40	34	21	23	17	15	24	25	35	31	18	40	23	22	29	19	15	21	26	27	29	14	23	39	28	17	13	32	17	32	36	31	35	31	32	15	12	36	30	20	14	13	21	33	17	31	18	39	18	34	20	33	33	19	24	39	35	28	40
24	16	31	29	38	18	28	39	34	18	18	18	40	35	25	24	28	21	22	16	32	22	36	37	12	32	37	33	37	30	37	12	17	38	14	21	32	22	35	33	34	26	22	24	40	37	14	34	33	37	13	26	38	37	34	35	16	37	23	24	34	40	27	32	28	14	36	12	11	31	22	17	12	38	29	39	16	30	16	18	31	25	27	36	19	30	33	30	29	31	36	23	37	17	27	21	37	25	25	19
11	39	22	14	31	12	28	34	39	37	16	36	18	23	30	22	38	21	14	18	33	29	24	19	25	11	35	18	14	31	40	25	26	23	19	27	39	14	33	34	21	25	34	29	34	24	26	36	33	21	29	24	34	40	13	33	15	16	15	24	12	37	22	30	31	37	19	36	39	38	26	13	23	32	21	16	27	22	27	31	18	31	34	23	14	16	22	26	15	26	31	19	27	15	13	24	29	14	23	17
22	40	11	20	16	40	23	12	36	17	15	32	32	11	25	32	17	35	39	24	14	23	14	22	24	39	14	24	12	15	15	17	39	21	33	36	26	20	40	24	16	12	30	23	30	18	34	34	20	27	18	38	23	16	25	25	16	24	29	11	34	39	11	34	22	38	23	23	32	40	22	35	29	22	24	26	11	33	25	37	31	12	17	30	20	17	17	17	13	20	15	27	25	27	37	27	21	17	31	36
30	19	11	13	19	11	40	30	20	13	12	22	11	15	32	28	24	38	40	33	36	40	12	40	33	20	40	26	35	29	34	28	37	12	30	19	29	25	36	17	17	21	18	31	25	22	26	30	19	32	33	39	11	33	27	32	18	38	16	31	28	13	35	29	12	23	35	15	24	31	37	11	22	25	23	40	37	18	18	37	30	26	21	28	25	37	16	13	22	14	26	24	37	28	35	37	35	20	17	17
24	25	12	19	32	25	11	37	39	21	31	34	15	22	39	37	38	16	23	27	24	19	16	36	37	14	25	15	13	38	18	22	19	30	15	38	35	34	22	16	11	29	23	32	33	35	34	14	40	24	32	15	18	32	32	27	18	18	23	39	19	32	20	37	23	28	29	29	33	21	20	14	19	40	25	16	13	11	27	32	11	27	28	34	22	40	31	28	38	11	22	35	38	25	17	38	38	33	14	40
39	11	32	12	24	27	23	30	14	35	16	36	35	27	26	29	24	13	16	23	31	11	37	11	15	21	30	23	39	35	14	31	30	39	36	35	19	40	21	30	38	13	17	27	14	32	19	32	22	33	16	15	23	30	33	31	31	19	40	11	39	37	29	12	16	35	29	11	30	17	14	28	15	23	33	29	25	37	15	31	40	28	32	19	28	28	23	13	32	25	39	11	19	11	21	16	25	38	36	28
22	22	35	33	19	20	19	29	36	19	26	20	30	23	23	22	16	36	33	36	23	14	32	25	11	22	15	33	39	38	26	18	15	12	18	29	25	29	24	15	35	16	40	26	16	16	13	38	22	37	27	19	32	15	21	23	37	23	13	32	17	31	20	26	25	11	31	12	16	27	23	18	40	27	29	33	29	28	11	36	11	25	12	32	11	39	23	32	31	38	26	31	35	13	38	35	25	35	20	40
22	31	38	24	27	38	26	11	24	28	30	30	12	21	36	20	30	32	25	33	19	12	18	35	12	32	38	20	15	28	28	14	15	18	37	38	14	14	30	11	17	31	15	34	32	14	14	38	18	13	39	12	19	14	15	17	18	18	14	40	20	24	12	15	21	40	37	15	34	28	28	24	21	26	17	28	34	15	29	35	16	36	27	37	19	40	13	23	26	33	31	37	25	16	23	11	22	21	30	40
31	37	32	25	33	14	21	38	34	35	39	16	22	32	19	12	27	37	12	12	31	38	32	26	34	22	31	39	33	24	18	26	30	13	30	26	26	22	37	22	22	25	30	36	40	15	22	39	28	27	16	13	14	25	34	19	20	36	18	14	23	20	22	35	11	20	12	28	26	33	30	26	39	16	15	28	11	15	38	19	29	31	32	26	22	17	38	30	16	15	31	31	38	15	13	21	15	18	37	32
23	21	21	27	32	15	26	40	27	28	31	30	35	12	11	24	31	24	13	14	35	35	39	23	28	15	17	20	26	32	37	36	30	21	36	13	11	36	21	18	31	11	21	30	36	18	32	11	12	24	34	37	14	18	17	12	26	33	37	23	28	27	38	40	34	23	30	31	13	34	33	32	13	23	16	18	21	32	28	22	33	18	32	26	12	29	26	38	18	40	16	38	14	40	32	13	24	16	26	37
16	33	12	11	23	20	38	38	13	16	28	36	12	36	24	13	20	13	30	26	18	23	36	18	23	23	32	20	17	13	20	15	38	18	24	12	38	20	24	12	20	37	12	31	17	19	17	32	15	23	21	15	36	35	19	28	24	33	36	35	28	32	13	24	23	25	16	39	32	16	15	25	18	36	40	33	12	29	12	40	25	28	15	28	17	32	14	36	19	29	30	30	31	30	21	38	34	37	23	14
19	24	16	17	27	36	30	27	28	22	23	11	38	29	14	29	11	13	17	33	14	30	37	24	24	19	28	31	25	36	32	38	16	18	18	17	19	38	40	18	40	36	12	29	12	22	32	38	26	13	21	13	25	38	37	36	26	29	22	24	21	39	37	29	13	11	12	14	31	37	26	37	34	34	25	18	27	24	14	29	33	19	23	40	36	14	36	34	31	38	11	16	18	36	33	20	36	11	37	23
13	26	20	20	11	28	13	15	32	31	23	29	11	13	12	35	11	27	15	33	35	16	24	34	18	27	32	40	39	26	13	29	19	29	25	25	24	38	40	33	37	37	15	26	31	22	38	19	13	27	35	11	39	28	23	31	36	21	32	38	36	18	29	27	23	15	33	16	25	13	14	17	38	30	12	23	39	24	21	14	13	17	12	22	30	34	20	17	39	30	31	17	23	13	36	16	34	32	38	33
23	23	27	23	27	28	29	29	19	31	38	25	18	12	26	15	21	11	26	24	25	25	12	14	36	29	12	17	27	36	22	33	28	37	16	14	38	22	28	37	39	22	18	25	14	32	17	36	29	23	19	28	26	19	21	19	36	37	31	14	40	32	36	23	36	39	19	27	36	39	24	21	32	34	29	11	27	28	29	33	34	38	15	26	15	14	27	25	12	24	32	39	14	31	31	32	19	15	15	35
32	37	22	26	16	15	30	12	19	23	35	35	13	40	31	25	38	29	23	23	35	33	27	26	22	40	14	18	30	25	30	26	37	39	34	28	39	32	24	39	13	22	39	22	40	37	26	26	13	39	20	24	31	35	19	40	35	25	34	11	34	27	25	36	22	17	22	15	20	32	12	31	19	13	34	32	18	25	29	14	19	20	23	36	35	37	27	34	16	24	31	40	24	29	13	22	18	38	16	24
24	36	29	12	16	15	31	37	28	30	17	29	11	35	22	20	22	19	16	33	22	16	15	12	22	33	18	40	12	36	25	15	24	11	28	19	14	29	16	11	15	23	22	26	36	30	34	32	30	30	15	26	17	33	14	22	11	15	19	12	39	15	23	36	21	33	23	35	33	14	38	14	21	17	11	34	14	13	17	23	11	36	27	13	22	28	14	11	34	31	23	40	30	24	36	20	39	31	38	18
37	28	22	16	39	22	33	20	17	27	30	25	31	35	29	12	20	25	16	40	34	15	18	27	29	14	32	32	40	20	28	20	33	23	29	26	37	25	29	15	40	18	15	20	30	19	21	19	38	36	12	31	12	28	28	11	15	12	33	28	13	25	19	32	11	27	35	18	29	28	29	27	26	30	32	26	19	32	17	12	29	31	14	39	26	20	20	20	30	22	11	21	26	30	40	23	32	12	36	17
14	14	22	14	17	35	17	34	36	23	14	39	26	30	40	23	22	20	18	20	16	12	25	35	30	16	37	14	21	26	23	28	30	31	39	33	18	20	17	17	14	29	31	15	20	39	13	23	30	40	37	39	17	21	35	15	37	35	32	19	20	39	39	16	34	12	35	25	20	30	11	19	26	11	39	14	20	16	20	40	35	34	28	29	26	36	38	35	32	30	25	19	35	19	11	29	11	39	20	15
25	38	40	29	20	16	33	26	34	24	34	20	38	13	32	19	16	27	21	22	19	17	19	12	14	19	12	30	18	14	38	30	15	15	18	37	14	17	19	28	21	26	36	26	22	37	37	32	16	12	25	27	13	14	32	17	40	36	31	18	35	33	27	28	23	32	23	21	18	31	34	31	12	17	17	26	40	15	38	17	24	19	38	29	39	40	34	28	16	14	40	30	40	26	34	19	28	15	26	30
36	38	29	16	24	22	33	12	22	36	37	27	36	32	19	13	17	24	17	32	15	40	23	31	39	19	21	33	39	19	33	40	30	40	31	39	18	28	25	18	13	36	12	38	40	18	35	13	26	39	28	18	33	16	21	26	29	15	17	21	18	30	29	32	21	23	35	18	21	40	13	33	37	37	11	30	36	34	29	32	21	15	19	12	17	25	31	12	20	13	36	21	26	12	12	32	16	40	40	30
38	20	30	22	23	25	25	16	21	34	18	17	12	36	29	34	19	38	40	11	26	18	16	36	28	34	31	40	26	32	27	38	22	36	21	32	40	29	40	17	31	28	28	23	16	39	35	28	34	21	25	16	33	34	32	30	15	18	34	37	21	30	21	33	36	12	32	35	35	36	40	31	32	36	13	38	23	35	32	40	40	36	37	38	18	17	17	28	30	23	14	28	13	20	21	29	20	14	21	34
38	11	40	36	38	27	23	35	18	16	34	21	11	24	20	33	24	14	16	23	11	13	37	32	35	24	18	11	17	18	33	31	26	11	38	11	12	21	14	20	16	20	28	26	40	25	35	20	37	16	33	27	33	31	16	12	27	11	21	37	34	17	14	15	23	20	38	22	29	36	20	14	19	12	29	11	20	39	30	13	37	19	16	33	36	34	40	14	32	32	30	19	19	40	27	33	27	38	11	21
40	27	19	22	26	18	28	16	15	15	31	23	13	18	16	13	11	33	36	33	39	40	31	29	33	12	14	39	24	36	15	30	20	36	31	33	37	24	38	26	25	29	13	26	12	26	21	39	13	17	16	34	27	19	25	34	20	20	20	12	35	37	40	18	16	11	11	33	22	26	29	16	11	14	30	23	28	25	30	20	14	37	38	36	26	14	12	21	31	11	18	35	22	29	25	26	40	34	23	22
28	40	40	35	35	26	18	18	40	14	15	12	11	34	32	39	11	12	11	36	21	24	35	34	22	27	15	35	14	17	20	19	27	18	24	22	21	27	29	25	17	19	40	28	26	40	16	23	31	40	39	11	36	11	32	33	20	16	22	14	16	24	33	12	17	15	16	16	20	16	12	21	28	19	26	40	31	27	14	23	12	31	31	13	17	37	23	28	22	34	15	34	14	32	20	36	32	13	34	31
28	13	31	12	34	18	13	12	28	13	36	31	17	16	34	14	22	32	21	20	12	37	32	13	33	21	19	31	25	17	33	30	25	23	13	22	38	18	20	32	22	40	30	26	20	40	17	17	22	20	27	12	18	34	32	28	25	16	36	31	40	30	20	21	25	20	27	33	18	34	18	39	14	23	31	25	18	14	34	15	40	30	13	20	37	38	28	37	11	29	32	30	32	19	20	23	27	20	36	35
99	64	52	95	32	74	100	9	94	82	47	42	76	49	24	88	86	13	80	36	90	34	51	21	97	91	78	77	69	56	46	15	35	8	68	63	65	38	2	79	89	17	31	40	14	28	41	62	84	61	60	18	93	22	73	67	3	96	72	59	66	19	25	29	70	16	1	33	27	54	85	50	92	23	11	37	87	45	53	30	71	57	6	10	4	58	5	7	98	39	83	55	81	44	43	26	75	20	48	12
51	13	95	28	47	45	80	98	23	77	9	59	49	22	18	44	53	94	76	87	56	58	91	4	21	1	54	19	99	75	37	20	90	40	89	24	61	5	92	8	66	29	65	10	68	30	70	50	85	86	42	25	71	3	78	6	35	41	64	32	97	82	26	55	100	93	15	46	31	72	84	27	62	57	38	81	36	69	63	48	2	16	88	14	33	17	11	39	7	34	67	60	83	79	43	74	12	73	52	96
16	46	13	73	17	55	33	34	86	95	54	37	45	28	57	60	31	9	56	76	23	26	40	75	97	77	44	4	52	42	18	59	2	48	72	11	12	80	32	63	81	62	14	68	41	38	69	39	70	5	7	6	19	53	90	3	87	58	21	71	84	92	51	61	85	83	20	35	50	100	88	49	65	29	98	78	64	82	1	89	10	94	93	96	67	22	36	91	47	74	15	27	25	24	99	79	66	8	43	30
46	21	69	80	62	95	14	59	75	91	96	84	81	7	82	5	67	74	72	57	97	36	55	10	38	53	20	6	24	22	76	3	93	17	48	39	15	30	90	71	45	58	94	78	26	92	83	40	42	88	49	18	9	50	51	28	100	68	87	63	2	64	35	61	32	41	73	16	99	31	44	54	33	98	47	37	89	34	23	77	52	60	8	13	66	11	86	12	19	4	27	25	56	1	29	43	65	79	70	85
55	94	26	77	65	58	72	70	21	79	34	7	87	74	83	27	3	19	40	22	8	66	46	28	33	95	41	78	45	88	51	98	23	1	59	37	5	6	89	52	14	57	11	96	18	97	61	12	53	93	17	76	75	36	100	29	48	15	43	39	84	63	50	64	80	85	60	56	92	42	9	73	10	24	35	54	90	69	4	71	16	32	82	81	2	44	20	68	31	49	91	47	86	62	38	25	99	30	67	13
30	53	28	9	98	97	65	20	90	45	71	49	36	35	46	72	52	15	59	100	87	84	21	60	85	32	51	80	23	37	40	48	4	88	8	33	55	31	47	5	96	58	38	63	64	50	16	17	34	82	74	24	76	27	41	67	56	25	22	77	44	93	62	69	70	13	95	18	10	6	66	7	83	92	81	29	1	99	26	19	78	14	57	11	42	61	75	12	3	54	43	2	86	79	68	94	91	73	89	39
53	33	12	15	74	64	39	5	36	10	31	66	48	52	93	51	14	76	55	90	83	18	16	79	49	28	88	20	65	87	7	24	9	44	25	68	78	69	82	73	50	97	34	11	84	23	46	19	63	70	42	77	37	85	99	98	40	45	86	94	56	54	47	80	89	57	26	71	35	75	41	29	81	43	32	95	1	3	17	13	59	60	100	30	4	62	8	27	2	6	21	91	96	92	72	58	38	61	67	22
29	65	14	55	94	71	34	69	42	99	9	5	75	76	31	15	70	91	50	2	81	21	53	100	23	51	61	92	19	26	48	97	60	58	20	13	80	35	54	30	72	93	1	89	82	57	84	10	66	59	83	73	56	62	12	18	96	40	74	88	68	46	27	41	85	77	24	22	78	49	32	16	79	43	8	37	45	11	86	28	17	64	36	67	25	44	87	63	7	6	98	3	4	39	38	33	90	95	47	52
44	21	77	12	19	46	90	93	75	38	89	3	60	73	25	79	55	45	10	29	62	66	34	48	9	80	18	16	14	49	23	5	72	68	40	4	32	94	30	83	36	53	35	87	95	11	8	58	92	64	43	7	15	84	31	59	56	26	91	47	6	78	74	67	28	20	13	61	82	76	70	52	100	88	22	54	69	17	96	81	37	1	98	27	39	42	71	24	85	63	33	99	51	65	41	86	50	2	57	97
63	49	27	50	94	72	82	16	99	21	23	60	6	26	36	4	73	54	80	69	32	40	77	41	25	92	85	59	83	98	37	96	5	68	81	7	35	97	17	3	56	20	79	31	87	95	74	84	78	90	28	86	38	33	22	52	48	57	44	89	34	43	66	62	29	14	91	9	93	2	55	75	58	71	24	42	100	10	53	39	11	61	46	18	1	8	67	64	30	88	65	76	51	15	47	12	45	19	70	13
81	9	33	35	93	71	28	37	14	65	95	75	73	29	19	24	76	94	20	62	57	61	21	25	32	11	5	12	55	70	72	68	6	52	82	39	99	38	3	42	50	83	40	16	51	41	59	7	17	18	31	23	85	54	44	48	96	88	34	15	1	74	10	26	22	87	53	58	2	86	66	56	43	80	36	77	63	92	4	8	90	69	97	89	67	91	46	60	13	64	49	30	100	98	84	79	45	78	27	47
17	4	37	55	14	89	69	88	87	63	13	74	22	67	45	92	10	53	98	9	19	38	3	25	52	46	28	21	35	15	71	97	5	27	30	60	78	59	26	91	76	20	93	66	73	8	12	100	56	32	51	54	79	57	33	95	58	1	43	49	48	64	62	44	84	47	77	11	7	65	23	34	81	90	40	31	29	85	82	83	75	36	41	24	50	99	2	39	18	86	61	42	6	70	68	80	72	94	16	96
43	22	1	80	7	60	47	46	89	33	62	63	44	17	53	86	75	42	8	4	73	49	79	84	2	91	10	99	97	32	3	36	13	30	90	50	71	96	70	66	28	29	34	38	40	9	55	56	61	21	83	69	100	24	27	52	26	98	74	37	65	18	6	58	92	78	31	68	85	81	41	87	12	93	94	39	67	77	35	20	82	15	19	88	25	51	64	48	59	23	57	95	54	72	14	11	16	5	45	76
50	4	60	38	85	31	67	100	80	23	72	34	46	24	10	70	76	83	92	42	36	47	16	66	29	13	22	73	58	7	20	82	99	49	71	30	27	9	51	19	96	74	32	45	63	56	17	1	53	6	35	69	93	55	43	12	54	14	39	48	79	78	81	64	26	97	94	61	33	44	57	86	87	40	8	95	59	11	77	18	15	89	21	28	65	90	3	68	84	88	98	37	41	25	75	91	2	52	62	5
72	61	86	13	37	50	39	82	87	7	18	80	98	14	96	51	91	56	62	17	81	95	4	85	22	6	44	11	99	84	57	30	16	70	68	9	88	29	27	28	89	55	49	75	2	40	25	54	10	71	19	34	38	12	42	31	58	73	63	93	5	77	3	53	32	66	26	8	23	100	33	45	83	64	47	78	67	59	35	43	52	46	94	24	65	1	97	74	48	15	79	76	41	69	21	92	90	36	20	60
48	62	19	2	68	98	13	85	70	84	80	73	71	58	26	92	60	9	23	100	42	46	38	22	44	89	25	51	36	59	74	1	37	31	90	8	21	95	54	79	32	15	16	91	83	57	39	64	7	17	78	66	4	34	72	93	99	86	88	28	69	20	27	53	35	82	43	76	18	47	61	30	94	52	87	49	55	6	33	5	12	81	10	50	56	24	3	96	63	65	11	14	97	29	77	75	67	45	40	41
57	66	72	61	28	35	27	53	59	60	80	40	99	37	70	16	32	71	45	46	76	82	7	69	47	23	10	1	6	67	39	8	20	62	3	52	96	34	42	18	83	91	5	77	98	75	92	17	33	25	19	14	51	84	56	31	43	11	89	64	90	13	26	85	9	94	38	41	49	30	74	4	87	55	50	44	65	88	68	79	24	78	100	86	48	15	81	97	36	21	12	54	63	2	22	93	29	95	73	58
33	27	6	84	24	7	87	86	100	94	93	13	16	96	48	11	66	91	45	99	89	35	2	83	77	1	69	41	57	54	26	22	92	46	79	50	17	56	20	23	39	40	42	28	55	78	74	81	4	70	47	32	34	95	29	90	12	52	18	97	82	19	80	59	49	67	8	98	15	73	5	53	76	61	21	71	44	31	38	75	25	3	60	30	63	62	36	68	9	58	43	37	14	51	65	64	72	85	10	88
83	23	64	30	26	1	75	57	70	94	97	89	74	81	86	32	58	34	65	24	31	76	66	78	4	15	14	10	17	52	92	2	59	37	11	73	40	39	98	47	96	77	48	91	95	29	19	38	41	53	71	9	56	85	8	68	67	99	54	36	3	61	25	100	16	63	60	28	82	13	42	33	51	6	93	5	44	79	18	62	43	12	50	45	22	69	7	87	80	90	27	88	20	55	21	46	72	84	35	49
29	91	68	70	78	20	93	77	24	67	57	15	73	58	94	65	48	89	40	41	27	21	22	2	25	14	11	32	60	10	98	18	55	59	5	87	81	79	26	1	53	92	33	97	30	74	71	35	39	62	8	54	44	45	47	75	63	76	4	46	90	28	84	23	12	85	69	64	42	83	38	88	37	52	16	80	99	34	50	100	66	6	31	49	56	19	17	9	13	72	7	82	95	86	51	36	61	3	43	96
56	67	49	28	73	14	43	77	19	53	37	55	92	41	44	45	6	27	1	5	13	52	78	29	34	18	22	59	15	88	46	2	38	11	47	10	76	54	61	3	8	17	72	39	25	74	100	85	51	21	24	7	98	57	30	50	79	12	35	23	64	86	83	89	32	75	93	9	16	68	26	70	69	81	40	48	60	96	91	33	99	36	95	66	63	58	90	97	20	65	80	82	84	31	71	42	62	94	87	4
49	53	64	73	44	97	91	81	61	77	36	14	66	83	76	88	46	13	68	52	92	7	34	98	94	12	72	28	26	2	38	96	41	6	35	84	60	43	18	32	80	1	86	48	51	31	79	56	87	9	27	4	71	11	67	5	10	74	20	65	90	58	50	19	63	85	22	21	16	15	30	69	45	24	82	78	99	89	100	62	33	42	3	70	39	29	54	57	17	40	75	25	55	37	8	23	47	95	93	59
99	86	5	88	15	87	45	65	42	91	41	17	57	31	26	27	89	21	63	85	46	16	98	11	33	25	84	51	90	52	81	32	54	20	22	43	44	50	77	2	95	67	36	97	100	66	74	82	59	96	37	79	56	47	12	9	3	92	69	94	73	39	28	76	30	53	19	48	8	64	83	80	60	49	40	13	55	78	58	93	7	38	18	72	6	23	62	14	10	70	68	71	29	1	61	24	35	75	34	4
71	6	98	95	76	94	35	69	39	43	30	16	77	62	51	89	27	32	22	91	66	64	60	82	81	72	42	19	53	41	15	28	26	83	10	56	57	79	52	7	9	23	45	17	13	78	65	24	86	48	58	68	100	92	59	61	99	21	74	31	44	18	46	4	12	5	25	88	85	14	90	8	70	80	93	3	36	50	29	73	55	87	1	84	33	75	20	49	96	2	38	97	63	54	47	37	40	67	34	11
94	26	10	19	99	35	57	34	50	52	56	28	18	75	61	53	46	42	69	40	76	96	90	22	55	5	36	23	68	70	95	80	1	39	72	32	83	78	20	66	41	13	85	60	11	74	45	63	47	92	43	51	87	37	100	25	97	79	67	12	86	31	73	48	89	93	9	33	38	15	14	98	81	24	58	82	16	65	29	64	2	59	84	54	7	44	71	49	6	91	17	30	4	3	21	77	27	88	8	62
32	66	48	25	16	35	50	43	7	71	15	68	27	11	28	60	57	4	46	86	62	73	79	3	23	22	69	26	38	5	13	12	92	96	65	90	63	20	49	85	2	44	72	56	80	87	59	78	52	53	29	21	6	18	81	97	55	54	82	98	61	58	24	33	39	17	40	94	8	84	31	64	36	70	95	75	37	34	83	19	93	51	14	1	45	9	88	41	91	74	77	67	47	76	89	42	100	30	10	99
32	100	36	10	59	71	80	61	68	48	90	5	21	25	58	14	64	4	11	49	88	99	7	22	47	1	20	67	63	38	77	24	46	98	30	72	78	65	74	15	44	45	83	57	18	27	19	66	50	96	8	79	2	84	89	75	52	6	31	62	86	53	16	29	73	76	85	13	92	9	69	81	97	82	70	37	40	42	28	33	17	91	56	43	39	93	26	12	3	51	94	35	95	60	41	87	34	54	55	23
36	15	77	82	10	14	87	49	67	28	47	34	64	17	80	63	5	48	72	35	46	11	70	45	83	20	61	53	91	6	22	18	43	66	92	97	13	62	39	12	24	9	93	37	2	31	56	40	71	58	4	86	65	59	32	16	26	76	98	74	7	1	51	23	78	21	89	60	94	96	54	100	73	90	69	79	57	25	38	42	68	33	55	30	50	75	27	44	99	3	8	81	52	95	29	84	41	19	85	88
31	95	67	12	88	21	68	46	100	22	54	79	73	24	70	84	74	33	1	61	85	59	15	50	17	94	92	28	6	48	55	51	32	72	37	16	52	97	76	96	62	47	2	34	43	44	26	75	60	53	30	89	78	23	56	71	40	80	65	27	82	29	91	49	45	35	98	14	41	64	99	86	81	66	18	87	38	5	90	42	25	11	58	8	69	4	19	93	63	57	7	10	9	13	36	20	83	39	77	3
63	69	20	78	60	32	38	87	61	23	99	13	84	77	17	50	44	64	1	3	48	72	24	91	18	11	88	36	76	41	71	97	5	35	34	65	42	25	98	9	8	37	2	66	21	19	86	46	49	62	100	74	67	7	57	45	14	47	22	54	70	10	40	26	82	56	55	58	83	68	28	39	92	4	96	59	29	31	95	80	30	52	81	89	75	16	43	12	27	90	6	85	53	33	73	94	93	79	51	15
14	8	53	37	78	23	40	90	98	33	86	29	62	48	64	38	45	68	76	1	31	17	2	67	34	46	30	51	74	5	26	54	89	97	20	41	73	32	61	84	15	24	82	36	9	4	42	35	80	10	100	75	88	83	92	81	25	21	69	27	50	91	3	87	71	7	85	93	28	72	16	6	99	94	43	44	22	49	59	58	65	96	18	19	79	70	63	57	47	12	11	95	39	77	13	56	52	60	66	55
33	57	99	80	25	71	56	9	82	83	37	94	28	45	97	31	5	62	30	93	38	12	7	46	70	19	88	32	50	29	36	91	58	27	72	23	90	4	35	67	17	24	2	61	76	95	8	1	18	51	53	63	26	15	84	42	75	60	21	11	48	81	14	86	43	68	92	69	74	44	49	96	13	34	22	79	77	73	16	6	10	59	41	47	40	64	54	3	20	100	66	98	52	65	39	87	78	89	85	55
34	29	40	25	59	35	49	55	91	84	99	1	4	94	100	88	66	80	90	67	95	56	28	41	12	23	50	33	32	86	48	60	19	22	42	47	68	38	5	18	9	58	16	53	6	64	21	46	77	8	76	24	89	10	61	36	54	3	70	39	44	73	43	2	72	71	81	63	15	7	31	78	57	17	45	62	30	51	65	82	27	79	75	96	97	13	74	20	26	87	83	14	85	93	98	92	11	52	37	69
35	39	7	42	56	57	26	99	14	28	78	69	43	92	32	8	96	80	98	65	20	75	22	58	5	9	10	52	13	90	54	6	1	36	19	60	50	93	74	68	30	59	77	53	40	70	27	49	79	62	72	85	64	88	34	33	11	82	2	24	55	3	97	87	17	89	63	86	4	45	21	12	31	38	100	16	47	81	95	46	29	23	15	25	51	73	61	83	44	76	66	18	48	84	37	94	41	91	67	71
35	85	38	87	40	27	91	3	84	56	26	95	94	69	75	81	58	5	100	55	50	9	1	17	67	4	98	39	92	2	89	82	37	10	59	49	46	22	93	24	79	74	80	51	77	16	41	97	20	11	65	30	52	18	6	7	48	62	76	88	43	70	45	54	96	60	47	15	83	31	78	73	66	23	72	34	53	32	57	29	90	8	25	99	14	71	63	21	64	13	44	12	68	61	36	86	28	33	19	42
32	71	10	100	78	15	17	45	22	98	29	52	11	21	96	83	39	24	80	73	26	50	3	13	44	36	91	2	65	56	60	84	87	14	19	58	25	61	43	33	6	35	82	20	51	18	64	8	85	16	54	23	34	57	66	94	90	9	74	72	67	89	5	76	68	79	46	81	48	4	86	49	38	47	40	55	31	7	97	62	99	93	12	92	75	27	41	77	53	59	37	63	95	30	42	69	70	88	1	28
99	46	16	31	25	53	36	97	8	95	64	100	60	68	76	83	57	78	14	34	86	48	13	94	28	75	90	10	21	96	87	58	49	69	89	93	59	77	62	50	42	40	38	33	56	3	20	92	12	30	51	6	85	63	43	71	37	80	9	35	67	7	61	98	44	1	15	32	5	52	79	41	73	84	82	27	65	45	55	29	47	19	91	17	39	66	70	88	18	22	11	54	2	4	26	24	81	72	23	74
58	80	1	66	69	76	86	36	79	4	55	28	48	78	42	53	40	84	72	89	91	38	5	64	26	85	54	50	23	12	15	3	29	95	96	8	35	65	13	6	74	19	62	2	75	52	17	51	27	67	87	44	20	81	98	30	7	46	49	11	14	88	47	43	18	34	33	63	70	32	21	39	71	22	94	24	73	41	16	100	37	97	68	56	45	93	10	77	99	31	57	25	82	9	90	83	61	59	60	92
9	50	57	14	71	17	33	11	75	52	22	68	29	30	3	34	45	92	39	77	40	91	32	73	80	66	65	88	51	85	8	86	12	44	83	24	42	100	54	28	21	48	90	41	56	63	1	95	72	69	87	4	7	18	19	78	47	31	59	46	82	64	70	93	6	26	74	62	84	37	97	13	61	49	67	79	43	55	27	38	99	58	76	10	81	60	89	20	36	2	53	16	15	96	5	98	94	23	25	35
1	34	31	79	89	10	27	44	92	66	39	63	16	17	90	36	67	91	95	7	86	99	54	97	24	18	43	96	62	28	77	87	22	12	93	71	52	83	55	76	72	26	3	46	84	73	49	69	6	38	94	51	8	11	23	75	50	33	60	9	74	37	57	53	20	78	29	98	48	45	30	61	68	82	88	40	59	42	41	13	56	47	2	100	80	5	70	81	4	65	25	32	19	21	14	15	85	64	35	58
11	59	81	93	29	45	46	80	90	16	38	67	99	41	9	28	15	6	97	33	86	8	25	60	14	35	96	27	53	79	77	18	100	54	72	56	51	73	39	75	89	62	57	98	88	66	68	42	95	1	22	85	44	61	24	31	47	48	92	32	40	37	4	58	10	74	36	69	5	49	2	70	12	7	20	82	19	30	76	64	21	84	43	94	71	50	3	78	26	13	52	83	34	23	91	65	55	87	17	63
80	84	23	70	2	55	63	37	59	64	62	42	16	1	73	87	78	9	26	45	58	24	97	4	50	47	12	99	3	94	53	85	86	51	57	27	30	71	95	5	41	33	20	32	34	28	40	13	39	96	69	77	56	68	44	61	8	66	81	88	82	10	89	79	67	11	36	21	6	29	43	91	74	100	22	90	15	14	17	25	54	49	7	52	46	48	65	75	35	60	31	98	93	76	92	38	83	19	72	18
22	69	5	11	34	97	16	65	90	55	8	53	18	31	44	25	67	29	15	40	93	1	71	33	81	7	98	21	99	59	83	4	87	27	50	13	74	46	63	49	24	41	17	32	52	37	88	77	19	64	91	68	23	47	51	6	89	84	61	38	14	80	85	86	70	39	28	76	100	42	43	30	94	12	54	26	20	3	58	48	2	96	10	56	66	79	62	92	82	73	95	35	78	9	72	60	45	57	36	75
93	23	2	41	42	53	24	76	63	12	73	52	9	89	46	78	33	37	77	11	60	13	27	49	50	66	19	40	65	39	83	100	7	36	34	8	55	48	25	67	70	14	79	21	62	31	44	18	75	85	91	3	94	47	5	17	29	80	35	54	6	97	22	59	16	69	43	61	32	71	95	96	82	98	57	87	10	56	64	30	26	99	92	45	84	72	15	88	1	4	81	58	90	28	20	38	68	86	74	51
69	28	9	35	99	75	37	79	86	89	64	30	8	72	10	39	70	93	36	38	44	100	40	56	90	84	21	15	29	48	62	71	92	34	83	27	19	67	32	63	76	17	82	24	78	77	94	51	22	23	61	41	73	68	12	43	13	25	6	3	97	7	57	31	85	46	20	49	2	14	52	98	88	5	60	11	50	80	54	55	91	4	59	95	16	66	96	58	81	33	53	42	26	47	87	65	1	18	45	74
55	3	84	33	79	40	26	57	77	36	91	54	28	86	66	78	12	76	88	25	100	42	63	68	10	19	5	87	44	61	29	70	46	93	72	8	64	97	9	82	81	2	32	31	94	80	75	35	16	99	60	85	47	6	20	56	14	1	37	48	71	62	96	51	58	83	17	53	65	52	23	90	92	41	15	67	69	95	39	18	98	34	43	38	45	7	4	21	50	59	13	24	89	49	30	74	22	73	11	27
86	3	41	65	13	95	61	25	62	30	12	59	73	37	21	27	91	18	58	77	22	45	88	55	20	92	38	80	79	100	31	67	85	19	17	60	42	81	72	53	75	97	90	63	1	56	87	47	46	84	69	15	11	36	54	74	26	7	48	35	40	28	94	76	68	10	51	32	5	16	70	49	89	14	83	98	44	6	66	33	93	8	50	99	96	78	43	71	23	34	2	29	9	57	52	82	39	64	4	24
33	27	81	39	86	87	12	6	99	97	5	41	43	37	84	10	40	16	73	11	79	3	100	52	65	20	76	80	36	93	42	78	94	69	96	89	51	19	30	17	18	9	29	62	22	35	50	71	56	21	48	15	44	8	47	63	46	7	98	75	64	74	70	24	23	28	49	53	2	95	57	67	90	66	91	59	26	45	25	58	92	88	85	32	14	83	68	1	31	54	38	55	77	60	4	82	34	72	13	61
42	37	93	49	97	77	78	58	79	29	52	36	88	82	70	69	67	62	23	72	98	84	12	63	53	24	7	14	10	74	6	13	20	99	15	21	39	76	40	2	47	38	65	16	55	8	45	80	68	96	64	83	73	1	32	66	46	3	18	22	90	57	26	25	87	54	85	33	91	11	48	89	28	30	60	61	56	31	41	81	75	44	51	71	4	43	100	35	9	92	59	17	27	5	34	50	19	95	86	94
4	66	88	32	90	11	71	45	29	42	5	86	8	25	84	56	51	57	94	72	89	97	15	74	21	27	28	87	17	41	6	62	7	95	1	16	30	54	50	55	3	63	73	78	83	96	92	61	34	36	19	23	75	82	80	53	100	38	43	77	26	99	31	44	76	35	24	33	22	67	81	47	14	65	48	46	91	10	58	59	60	49	40	64	9	13	68	39	2	18	69	37	85	79	93	52	98	70	20	12
72	19	60	54	100	73	91	15	14	81	71	8	7	3	83	45	46	70	12	66	37	63	87	99	27	88	68	65	55	6	84	67	29	28	98	17	33	31	21	25	40	82	41	64	35	53	5	69	48	80	74	51	95	23	16	32	42	59	4	78	9	61	62	75	92	93	77	22	24	90	11	10	86	2	97	49	79	13	18	50	47	39	30	34	26	58	96	38	56	52	76	89	20	43	94	44	1	36	57	85
60	62	34	13	88	21	4	35	10	64	90	19	76	14	68	79	93	96	6	94	51	91	100	75	15	87	27	86	56	22	41	7	25	31	73	53	45	2	46	78	71	92	83	95	30	69	16	61	3	82	8	12	97	43	65	44	98	42	20	59	26	58	11	55	77	9	84	18	72	85	36	99	29	52	80	63	38	39	89	70	1	47	33	17	28	74	37	40	54	50	5	66	32	23	49	67	81	48	24	57
81	32	29	91	20	27	74	24	12	97	37	51	5	89	39	78	30	63	66	22	31	19	8	1	60	54	93	98	90	36	96	72	15	21	62	43	87	69	16	80	100	23	45	9	95	85	59	77	14	46	82	71	6	18	42	3	67	11	34	94	55	73	41	58	76	4	48	84	92	53	68	99	88	26	33	35	57	44	65	47	79	49	86	40	70	13	83	10	2	17	28	25	61	75	64	38	50	52	7	56
4	56	2	6	94	54	8	97	58	65	66	49	98	42	92	91	33	15	81	72	63	53	82	76	51	37	100	59	23	62	80	27	34	12	43	48	47	79	29	67	60	86	32	46	24	45	96	71	30	93	55	75	17	7	10	69	89	83	70	35	99	1	26	28	74	78	64	38	88	44	25	40	85	61	77	50	3	14	84	87	68	5	39	31	22	11	41	95	18	13	90	73	9	19	21	20	52	16	57	36
29	47	100	79	34	80	64	14	27	11	28	17	44	90	22	67	2	82	5	48	65	41	88	1	10	58	61	73	37	57	86	54	98	62	3	19	97	9	4	59	32	74	95	84	43	24	83	92	13	91	76	12	72	26	70	85	68	36	35	30	7	15	89	60	31	52	66	21	78	53	8	77	23	96	75	81	6	42	38	63	71	40	51	39	33	25	69	87	94	20	50	18	56	45	93	46	49	55	99	16
81	22	41	75	50	37	2	25	72	80	58	100	76	53	97	24	67	52	79	68	42	73	16	26	86	11	9	23	7	56	82	69	77	83	20	3	88	59	4	46	90	17	92	93	87	54	64	30	48	74	49	55	33	12	29	85	47	15	45	31	44	94	70	62	32	57	5	38	78	89	36	35	43	66	91	28	8	96	60	51	98	14	21	63	71	40	65	1	13	99	27	19	84	10	95	39	34	18	61	6
97	69	44	86	11	3	84	95	1	67	9	82	27	40	100	62	36	76	48	34	39	46	59	75	4	64	96	22	98	37	79	51	56	13	33	8	25	26	81	29	54	45	15	38	58	49	5	90	80	70	63	88	14	52	65	32	19	74	93	57	61	66	87	83	10	21	17	16	12	99	47	78	92	68	7	72	73	31	43	91	60	77	89	50	18	24	55	94	20	28	6	53	35	71	30	85	41	23	42	2
55	17	33	77	5	52	93	34	28	87	82	24	92	32	78	61	86	68	11	50	45	37	22	38	16	42	63	56	47	71	75	13	100	2	49	9	30	58	3	29	27	53	64	35	69	31	89	54	1	74	7	23	90	57	66	85	70	6	41	62	21	25	88	8	15	94	59	65	81	79	72	51	99	26	95	83	73	97	84	4	48	19	60	18	98	96	36	39	67	44	20	80	76	10	12	43	40	46	91	14
69	41	16	17	67	11	88	2	3	42	99	18	91	59	36	8	77	40	28	34	51	54	13	23	12	43	82	25	35	94	74	31	5	44	65	47	72	81	93	98	39	4	57	92	60	96	95	38	83	9	64	21	22	29	26	73	70	76	6	62	1	33	30	78	52	85	55	56	100	37	71	27	97	90	87	20	80	89	15	75	45	19	84	63	24	10	50	58	68	49	7	46	32	79	86	53	48	66	61	14
1	16	39	45	89	57	20	72	30	62	78	52	22	71	77	76	31	91	74	88	10	38	11	81	61	17	84	79	98	73	58	47	5	3	40	60	35	34	43	2	14	28	68	87	95	53	33	83	26	4	64	21	41	99	90	51	9	82	37	63	24	55	69	100	86	66	75	36	93	25	42	44	54	12	23	19	7	13	18	65	94	92	96	32	67	70	56	6	29	15	46	59	27	85	49	48	50	80	97	8
96	68	47	58	2	28	49	45	17	88	38	98	52	85	78	36	46	95	82	74	27	77	56	6	8	39	72	26	59	42	7	21	67	29	37	66	65	62	97	94	91	48	19	64	13	69	20	32	23	15	10	25	3	51	100	55	54	4	76	16	9	61	75	50	81	57	89	90	41	93	22	70	84	5	53	40	87	31	30	99	1	11	44	73	92	60	12	18	35	14	79	80	83	63	43	24	33	34	86	71
47	1	41	33	40	77	74	80	43	25	63	55	34	62	64	36	39	9	76	94	65	88	16	17	71	24	83	8	99	68	59	57	72	12	19	91	2	75	95	92	97	7	61	51	69	87	10	37	35	21	85	15	27	78	31	48	3	79	20	46	42	32	49	45	38	70	53	82	86	96	6	84	4	50	73	5	30	52	81	93	11	26	18	90	56	23	28	14	54	22	58	60	29	89	98	66	100	67	44	13
34	92	94	37	93	59	74	78	14	36	71	69	53	100	66	28	86	83	44	11	77	54	40	35	90	9	8	62	48	17	4	73	89	99	50	27	57	96	67	84	26	63	33	88	30	82	46	12	97	70	76	49	65	20	15	18	16	98	38	3	91	42	10	39	21	32	51	72	6	61	55	68	5	2	31	75	87	56	29	81	60	25	85	58	24	64	19	52	23	95	7	41	45	79	22	1	47	13	43	80
24	11	36	77	91	42	61	98	20	93	51	18	53	32	75	48	82	66	37	100	81	73	49	69	27	70	94	64	39	58	43	68	5	59	89	88	67	19	60	38	22	30	92	83	21	74	15	78	23	2	29	54	28	40	12	44	87	14	62	10	86	1	55	35	46	26	63	8	65	99	52	85	72	4	56	33	41	16	79	90	34	96	57	45	3	84	31	71	95	6	97	80	9	76	50	17	47	7	13	25
80	57	51	99	89	3	40	23	31	24	86	69	4	79	74	2	38	15	52	44	20	77	41	56	8	62	60	96	91	25	27	94	48	34	28	98	30	92	14	49	59	7	72	5	42	88	26	37	85	33	54	61	47	32	90	75	1	6	83	71	100	12	19	84	81	17	63	46	45	78	55	64	50	73	11	9	82	58	18	10	39	16	87	53	36	13	67	35	65	43	66	22	93	21	68	76	29	97	95	70
29	22	88	36	35	6	90	45	18	66	8	56	89	86	61	24	58	99	91	60	55	76	96	92	62	42	98	17	15	48	26	32	28	19	83	54	77	73	11	94	23	46	68	71	3	84	85	50	43	25	37	70	27	2	53	21	30	67	33	95	51	10	12	52	82	44	49	31	78	69	57	47	72	81	74	16	39	38	64	5	79	40	75	4	1	41	7	34	13	63	97	100	20	65	9	87	59	93	14	80
31	43	6	16	72	29	13	23	36	15	87	51	100	41	94	80	44	39	20	63	74	2	69	67	54	58	73	33	34	4	8	18	7	11	42	26	71	28	21	65	24	78	96	48	70	57	17	52	25	83	1	98	56	95	85	9	35	30	45	62	75	77	60	49	91	59	66	76	55	37	38	88	92	46	3	64	27	47	79	10	14	84	40	53	82	86	22	68	12	19	99	81	50	90	89	97	61	32	93	5
48	46	56	26	39	92	58	62	84	54	30	38	75	76	64	68	85	61	23	90	69	55	72	49	18	40	33	4	1	16	81	6	44	29	25	19	9	100	47	22	14	82	80	67	88	71	59	65	94	95	52	89	3	93	36	99	2	86	79	34	13	8	87	11	45	73	37	83	32	43	28	12	97	98	60	57	66	70	63	96	17	42	50	51	53	35	24	74	31	91	7	20	15	5	78	10	77	27	41	21
61	43	90	36	70	37	75	54	12	69	91	30	35	98	81	26	33	59	74	64	84	68	11	62	99	49	100	52	78	27	17	42	19	41	82	10	18	40	21	67	65	46	66	92	39	93	22	96	97	56	58	87	14	25	85	3	86	5	50	31	47	89	51	73	83	48	44	32	88	38	6	23	71	7	57	29	94	77	55	72	15	80	34	9	63	28	4	1	24	16	8	2	13	60	79	76	95	45	20	53
53	76	27	32	48	14	37	80	61	13	55	98	12	39	92	91	36	31	44	19	79	66	42	94	16	77	51	99	28	73	49	47	69	59	74	67	3	70	96	7	6	84	88	89	83	9	41	54	93	65	25	21	10	56	78	97	33	62	100	24	52	57	30	87	82	23	86	1	40	68	45	29	20	50	18	90	72	95	8	64	5	60	43	71	11	58	35	2	75	63	26	34	38	15	22	17	4	85	46	81
9	92	13	8	10	24	52	7	44	45	88	81	42	5	54	6	39	56	67	29	58	30	22	55	86	95	41	87	40	57	21	20	90	31	48	76	1	80	50	72	36	35	2	65	91	43	84	77	16	14	59	37	68	23	78	33	15	89	99	17	85	62	3	26	66	74	47	82	46	63	75	98	51	18	96	27	49	69	32	4	83	93	12	79	28	19	71	73	25	53	61	100	11	94	70	64	34	97	38	60
48	79	83	69	93	31	13	59	90	45	65	77	92	67	51	52	14	9	60	22	50	56	100	21	40	95	43	61	86	34	70	5	73	76	72	54	85	30	12	4	23	37	6	36	53	98	19	96	75	28	78	17	2	32	87	99	33	24	88	18	20	15	11	84	71	10	58	49	44	62	27	39	46	57	94	35	42	68	29	64	89	55	74	63	3	82	66	80	7	16	97	47	41	8	38	26	25	91	81	1
66	81	63	20	52	93	72	49	7	61	88	89	27	31	53	64	77	71	38	29	78	50	34	99	44	21	19	67	37	36	11	91	43	87	12	48	68	96	97	5	55	56	3	54	85	90	82	40	1	65	14	25	10	79	98	41	28	16	30	73	94	70	100	22	45	39	4	17	47	9	74	46	60	2	75	83	18	62	6	26	42	8	58	35	51	76	57	23	80	32	95	92	33	69	84	59	24	86	15	13
86	27	6	89	84	63	76	81	88	37	31	80	28	41	56	36	85	34	26	55	70	73	8	5	22	51	46	71	78	30	11	57	38	72	99	42	98	23	91	14	90	13	66	95	60	39	50	9	32	12	33	77	2	48	15	10	59	79	1	82	24	4	17	49	29	64	47	40	100	18	96	16	7	45	35	43	62	21	3	74	44	54	65	87	75	94	97	83	53	52	67	61	58	92	25	93	20	68	19	69
17	94	18	78	89	92	74	77	32	48	2	95	67	25	42	53	10	14	83	86	88	5	87	1	34	68	47	54	19	15	51	20	44	41	29	69	56	52	24	50	99	90	31	7	72	26	49	16	58	96	60	6	80	28	4	75	70	37	59	76	21	8	97	27	46	79	66	61	45	35	39	11	93	63	36	12	91	73	65	40	43	57	23	64	55	33	38	71	82	13	62	30	84	22	3	100	98	81	85	9
65	6	25	48	99	16	56	59	96	33	78	72	14	53	80	76	95	50	4	52	63	79	45	29	39	86	51	75	43	28	23	18	21	46	60	91	74	83	98	73	5	36	1	40	41	64	77	94	54	15	81	71	26	13	31	42	67	24	34	61	57	87	9	92	8	12	32	84	19	90	62	93	11	47	37	100	27	70	58	97	82	20	68	89	49	2	10	35	85	69	88	17	38	3	22	55	30	66	44	7
12	81	88	71	7	92	52	90	43	63	4	48	80	19	44	38	29	93	16	3	96	8	37	15	54	1	20	34	50	22	65	82	91	75	64	94	46	68	76	24	30	39	47	21	23	42	41	13	60	51	25	74	85	70	62	86	28	100	5	10	89	57	97	95	6	9	35	53	87	99	58	26	33	72	36	18	84	79	83	98	11	32	40	59	2	56	78	45	61	77	55	14	27	69	67	31	73	49	17	66
24	12	17	82	14	26	34	93	42	49	50	56	64	18	36	80	23	47	62	2	20	81	55	53	92	77	51	96	38	97	8	78	99	94	37	95	98	33	30	45	88	41	5	43	39	48	66	100	73	6	84	91	71	19	52	15	9	59	16	57	69	76	44	58	86	46	90	79	70	27	54	31	85	72	67	22	10	40	83	61	3	11	68	75	29	4	1	87	7	28	63	13	65	60	89	32	25	21	74	35
48	100	23	34	8	9	50	24	80	16	88	21	65	14	96	61	53	97	30	51	43	56	28	78	90	3	59	74	60	46	32	58	99	64	92	84	2	94	6	20	27	98	31	82	71	35	25	54	72	42	15	49	81	89	76	41	45	52	47	5	83	13	11	79	62	93	91	22	57	33	68	1	26	37	87	19	17	66	55	7	63	73	38	75	70	67	12	18	40	10	85	29	95	69	86	39	77	36	44	4
9	47	24	85	28	5	33	65	45	80	74	30	3	37	78	95	32	79	36	60	40	89	49	4	21	15	93	72	14	61	23	1	58	35	63	98	66	16	77	57	90	69	50	64	53	29	42	86	20	51	10	87	97	17	2	41	75	48	68	91	96	44	62	81	13	46	67	26	92	27	70	52	100	7	82	39	6	34	19	59	25	94	38	83	84	99	11	22	55	43	71	8	76	88	18	73	54	12	56	31
85	56	24	57	22	53	18	58	100	72	69	1	8	71	29	39	34	61	63	91	21	51	5	27	46	79	66	73	6	11	42	45	33	68	10	80	74	2	28	87	36	96	83	48	89	13	38	78	84	77	15	55	93	9	12	30	65	19	50	67	52	23	62	3	32	37	59	31	17	97	20	92	60	70	88	49	43	7	35	99	98	16	47	14	64	25	40	94	90	26	81	54	44	86	41	95	4	82	76	75
91	44	86	23	85	1	79	25	66	45	43	22	82	90	41	64	75	73	9	55	6	7	24	47	69	15	67	10	76	80	89	49	68	39	27	5	87	96	36	26	51	71	59	60	56	74	62	13	35	100	8	31	77	63	17	84	42	16	34	20	21	48	54	38	92	94	97	32	88	33	19	2	65	99	18	70	57	72	12	4	37	29	53	46	28	14	93	40	78	61	50	52	81	58	11	30	83	3	95	98
61	50	1	99	25	43	32	58	68	20	69	67	36	48	23	96	59	87	82	37	84	90	39	60	78	91	94	86	21	53	3	81	35	55	12	89	38	7	4	65	92	28	63	83	8	2	42	73	70	66	95	62	80	15	19	47	77	31	79	64	76	22	29	51	34	17	98	33	16	5	24	27	52	44	6	10	85	45	97	49	93	26	18	41	57	74	30	72	71	11	75	9	54	46	56	40	88	14	100	13
65	51	83	55	61	75	76	27	8	2	34	1	45	30	94	50	91	88	5	46	17	15	85	52	90	33	39	70	40	35	95	19	36	29	6	20	89	82	97	77	86	22	100	73	25	64	69	42	4	92	87	60	80	37	12	53	63	7	81	59	47	56	11	23	16	99	57	28	84	26	72	24	67	31	96	58	62	43	9	38	18	66	79	78	71	21	13	54	74	3	32	44	41	48	10	98	14	49	68	93
32	80	93	44	18	67	20	52	47	33	5	22	16	81	76	77	68	12	95	66	82	2	73	42	26	58	56	31	45	11	79	51	35	98	48	50	55	70	99	21	61	28	10	41	85	83	9	53	96	39	40	69	3	59	91	15	94	92	57	36	72	89	37	27	7	23	87	38	29	74	100	25	84	54	88	14	86	19	75	34	4	24	49	90	62	6	43	78	64	63	30	1	71	65	46	60	17	13	8	97
65	20	43	22	16	51	36	82	66	96	45	7	92	78	30	90	47	34	31	14	73	58	80	15	44	85	39	3	74	26	71	1	18	94	70	25	86	6	54	17	69	53	52	89	56	84	99	95	98	49	46	42	77	67	41	72	87	19	100	50	64	83	33	55	4	93	37	23	13	11	79	35	10	27	57	2	88	38	97	48	63	81	21	61	28	59	9	62	5	75	29	40	24	8	12	32	60	91	76	68
14	30	20	61	36	26	94	25	19	86	81	85	64	92	34	42	4	73	82	69	100	28	78	68	7	72	98	96	22	41	65	1	2	91	95	40	23	46	17	71	33	12	50	57	38	84	54	79	55	87	93	8	10	75	58	90	97	43	13	59	27	44	49	6	45	21	3	63	48	74	35	11	67	47	39	51	9	66	32	56	18	52	53	37	60	89	76	62	5	77	29	88	16	31	24	80	99	83	15	70
21	79	97	9	40	72	29	10	33	30	62	43	99	13	65	70	74	87	67	96	69	16	37	51	100	27	80	93	86	46	25	3	73	2	63	15	59	24	19	11	6	39	42	55	23	7	98	28	82	75	83	81	49	88	77	38	50	68	20	44	8	48	57	66	92	14	36	22	18	45	58	5	47	95	84	56	61	52	60	32	94	90	12	85	4	26	34	35	71	76	31	64	54	91	17	89	78	41	1	53
83	18	76	69	16	34	23	24	39	91	51	19	86	8	85	27	57	7	92	53	17	98	42	82	55	38	66	49	54	78	61	75	6	72	94	100	79	46	89	15	99	67	12	33	13	14	4	90	41	95	31	9	2	45	87	68	28	64	70	21	35	43	11	80	93	63	74	65	58	25	44	26	32	59	1	73	62	20	88	77	36	29	97	52	71	10	22	48	56	40	50	5	30	81	37	47	84	3	60	96
88	60	40	10	36	74	31	76	61	5	21	25	98	72	71	8	68	86	1	92	2	26	67	78	28	53	69	20	91	16	70	44	90	35	55	75	94	14	32	24	6	45	3	57	59	87	7	46	48	63	9	34	65	50	96	64	97	18	62	79	82	80	81	27	38	12	83	22	4	84	41	85	13	15	43	58	77	73	54	56	47	42	19	17	95	52	89	51	49	33	37	39	66	23	30	11	100	99	93	29
41	98	7	13	14	99	71	10	6	78	44	26	46	76	84	100	97	28	70	35	38	75	73	60	66	9	52	81	19	55	96	31	15	3	61	36	74	40	79	65	49	92	47	58	4	91	94	86	83	51	25	21	2	32	37	67	27	57	88	77	72	59	18	8	39	56	1	42	12	17	34	11	80	53	93	23	30	33	50	62	85	45	48	5	82	22	68	29	43	54	20	90	24	69	87	63	95	89	16	64
31	94	89	17	91	27	50	45	82	83	70	6	53	20	63	100	7	96	8	88	67	42	29	9	10	21	54	32	41	40	18	11	60	46	23	74	57	3	35	19	48	52	55	77	26	95	64	85	49	86	24	81	43	5	68	14	34	87	59	51	84	2	16	22	80	15	38	33	71	36	73	13	97	25	44	98	99	79	56	1	78	92	58	47	93	28	72	65	30	90	69	4	66	61	39	12	76	62	75	37
79	12	53	83	8	63	39	42	47	14	69	13	71	49	6	43	17	30	92	94	72	52	9	85	88	29	10	38	5	62	23	41	65	25	56	4	45	35	50	60	48	70	98	44	16	51	86	57	46	91	81	11	66	78	20	96	55	15	99	26	54	95	61	76	93	74	68	32	31	36	67	97	84	7	24	21	22	27	90	87	75	77	89	18	73	3	1	100	64	40	59	37	28	82	58	19	34	80	33	2
57	86	25	90	45	19	98	16	7	4	18	93	96	63	15	13	59	95	17	85	55	42	60	46	14	69	29	79	80	8	23	84	51	3	77	89	2	87	37	35	48	56	72	49	64	10	73	5	32	47	92	20	24	41	30	50	21	26	88	75	34	61	44	68	58	9	97	66	74	91	67	43	1	27	62	81	94	54	83	99	71	33	22	38	31	39	82	76	70	11	36	52	28	53	78	40	100	12	6	65
15	20	63	62	61	3	88	17	8	90	74	96	94	24	36	70	97	37	68	45	42	84	46	72	12	87	22	64	47	2	16	100	78	85	71	93	7	80	26	23	19	75	32	1	25	82	27	81	39	41	10	55	69	65	95	28	14	43	18	60	58	89	59	57	98	51	40	66	83	11	13	52	86	4	49	5	9	67	79	30	50	21	48	6	35	33	76	99	38	56	44	92	54	34	77	73	53	31	91	29
35	85	71	27	49	77	98	72	60	31	25	5	100	13	22	1	10	90	15	83	62	74	93	38	29	3	6	32	18	42	2	40	8	88	96	66	34	30	43	78	75	53	76	87	48	19	9	26	36	39	28	7	80	94	37	33	59	41	4	95	20	61	73	23	91	57	11	51	70	52	67	82	14	24	69	99	45	92	79	68	12	56	65	44	86	89	16	17	55	54	81	58	97	50	63	46	47	84	64	21
50	3	30	97	72	19	89	41	60	66	1	57	68	12	74	70	59	35	84	39	80	58	23	37	92	32	47	44	69	100	75	45	71	55	85	4	93	94	48	67	28	95	77	38	27	17	61	2	20	63	81	26	79	33	52	99	53	88	76	5	24	65	82	18	31	73	25	14	22	83	91	98	7	34	86	36	96	16	49	62	54	6	43	13	9	51	21	29	90	15	56	40	11	87	46	42	78	10	64	8
5	32	51	39	34	52	92	69	82	31	80	76	49	50	4	53	7	68	77	83	73	26	27	42	74	96	57	78	36	64	67	93	21	10	28	66	47	22	8	79	95	2	75	98	14	72	55	87	12	20	30	81	25	43	18	94	70	41	46	90	58	29	100	44	62	48	91	16	33	6	24	19	56	88	99	15	1	60	86	35	63	97	61	9	59	23	89	38	85	37	71	65	45	84	13	40	3	54	11	17
24	19	66	33	8	93	25	87	54	68	48	85	56	2	71	98	62	47	70	43	13	14	81	77	39	26	31	80	64	79	28	94	21	34	37	100	29	15	90	65	22	96	59	32	61	5	82	12	23	95	52	38	6	78	69	11	18	51	4	86	30	92	99	42	72	58	7	1	27	75	57	73	45	46	35	36	10	3	76	9	55	49	88	91	40	17	63	53	50	97	16	89	84	41	44	20	74	67	83	60
29	87	65	58	68	95	4	20	9	70	66	91	26	30	76	25	43	22	69	1	96	42	40	52	75	50	63	12	31	51	80	17	32	3	10	90	15	85	81	79	37	82	71	73	27	2	36	93	56	86	88	78	11	49	23	74	59	19	16	92	64	48	39	60	38	28	35	72	33	18	54	24	46	61	83	89	34	99	13	55	53	6	44	62	14	94	8	47	7	45	77	41	97	5	21	100	98	57	84	67
