100	100
14	25	26	40	17	33	27	20	19	15	18	38	27	27	18	23	26	28	32	18	27	38	23	24	22	12	26	31	33	40	29	36	20	21	20	20	12	29	18	27	25	16	37	11	27	15	25	15	20	30	38	13	15	17	20	30	30	29	28	32	18	15	23	24	22	22	14	39	12	34	14	38	25	38	40	12	36	32	18	27	25	37	20	17	26	27	16	13	24	38	35	24	33	22	19	11	23	23	16	25
26	29	11	18	18	33	38	27	11	19	37	23	16	22	16	20	33	31	16	29	39	38	40	35	35	12	39	26	17	14	26	31	28	19	11	29	24	39	38	26	29	31	28	33	37	30	31	22	39	30	28	15	29	30	15	20	31	11	21	26	39	33	17	20	25	13	37	36	30	11	19	19	38	36	18	23	31	38	19	21	33	39	19	11	26	25	16	14	22	22	15	11	13	13	28	38	12	24	34	12
34	29	33	30	33	35	11	24	20	12	20	11	19	34	18	36	15	26	28	38	15	29	12	34	16	39	15	29	13	24	12	29	14	40	12	29	31	20	11	28	13	25	30	19	21	16	37	26	32	31	30	25	37	36	32	36	33	36	16	28	28	11	39	19	40	25	11	24	16	37	20	30	39	22	14	27	30	34	14	34	14	13	33	40	17	29	26	18	11	14	39	34	16	12	38	40	17	38	18	14
25	40	20	18	36	37	18	33	17	25	15	21	32	21	15	11	27	28	39	16	14	26	28	34	27	22	37	36	19	30	40	31	31	21	36	20	25	33	18	20	38	33	27	37	23	39	26	18	26	24	28	14	36	25	30	24	39	30	30	32	28	27	11	37	40	29	25	25	13	19	36	28	19	38	37	21	17	37	34	20	33	40	12	35	29	37	31	25	39	36	16	23	36	28	24	26	35	17	23	12
16	28	22	35	35	24	35	30	37	30	21	36	34	27	22	19	21	18	14	23	15	34	37	40	11	24	23	24	33	30	21	12	16	12	11	30	23	15	39	11	19	30	35	37	16	40	29	34	23	24	17	24	32	25	37	13	33	40	23	34	17	26	16	28	37	24	26	33	27	29	38	32	18	16	32	25	29	15	15	14	20	37	26	11	19	21	28	11	36	39	15	25	16	24	30	20	20	16	24	31
12	36	29	11	14	25	24	17	24	34	37	31	14	14	18	30	22	12	36	32	19	36	26	24	25	40	29	23	13	13	13	31	31	34	24	38	36	12	32	11	12	17	37	25	28	37	11	36	28	16	17	35	20	23	26	27	17	26	28	17	22	15	24	39	28	27	17	31	32	20	29	33	17	24	24	33	13	37	14	16	17	37	34	29	22	40	30	21	12	40	40	26	34	32	17	27	26	30	38	17
18	20	24	40	21	11	25	25	16	12	40	33	27	27	14	24	39	39	27	22	12	12	36	20	29	27	31	40	12	30	16	33	25	32	21	37	12	39	29	21	17	13	21	29	16	22	35	23	18	29	26	40	30	26	35	15	39	26	11	28	35	11	26	17	37	15	28	23	28	18	15	13	40	38	22	29	30	13	11	30	26	18	23	13	35	35	11	36	22	30	33	21	16	11	30	23	37	38	36	18
12	35	18	15	28	16	16	26	28	31	22	33	12	21	17	39	27	34	30	26	16	30	12	18	33	11	21	34	18	15	36	28	29	37	28	22	39	20	12	33	12	38	19	31	29	40	20	13	38	34	21	28	37	32	35	33	20	27	34	22	25	28	27	13	20	25	40	26	39	12	35	24	32	36	39	40	28	38	37	25	15	27	29	17	39	27	14	29	23	32	40	17	28	28	16	31	17	32	17	24
27	39	26	26	39	28	16	25	30	14	29	40	27	33	25	39	36	33	20	26	12	40	25	29	28	29	23	19	15	18	35	37	36	25	37	14	21	26	39	35	39	22	23	13	40	36	21	35	11	21	38	24	27	14	36	31	17	20	22	35	23	16	11	12	20	31	25	26	40	29	27	14	32	14	13	39	30	15	39	32	15	12	23	33	28	38	26	38	19	11	37	36	21	27	21	33	15	14	15	32
27	12	29	11	38	20	19	20	33	14	19	31	34	16	17	40	37	33	40	38	33	16	21	25	30	27	24	33	18	23	25	17	14	20	34	19	19	33	24	12	19	18	36	15	11	23	15	24	33	19	23	27	22	34	22	33	16	22	11	30	40	23	29	29	37	38	14	24	30	25	29	26	40	25	37	11	38	23	24	38	15	38	17	11	38	35	31	34	14	34	32	28	16	25	18	25	15	32	11	22
35	39	38	36	13	18	19	15	18	21	18	15	17	37	19	16	30	20	36	29	40	32	30	18	35	33	34	32	34	21	40	29	15	11	19	14	23	36	24	28	32	31	14	18	21	18	24	27	22	38	12	13	31	17	27	23	18	20	14	38	20	26	16	36	15	40	37	25	16	19	21	13	14	39	32	27	14	27	17	33	16	15	16	23	34	19	27	25	30	38	30	33	21	35	31	38	29	30	16	24
12	20	17	32	11	27	21	27	17	32	17	37	24	37	18	37	29	38	15	23	35	28	35	31	15	31	34	27	34	14	16	14	40	22	12	23	29	16	29	24	15	28	31	36	40	20	16	25	38	11	12	20	17	16	18	40	20	17	28	29	30	23	22	25	32	19	30	13	38	19	18	26	25	21	18	39	35	22	14	21	31	32	17	37	11	37	18	24	27	24	23	19	34	29	11	21	36	12	23	29
19	26	27	35	23	26	40	24	37	34	30	31	13	19	32	17	27	35	19	28	24	12	27	31	21	40	21	40	25	24	24	15	31	39	37	26	14	33	36	21	20	37	39	20	35	17	37	27	28	20	23	24	31	19	31	28	19	31	29	16	15	29	37	11	33	16	22	35	37	15	26	38	33	36	16	14	19	11	25	39	34	30	23	21	26	18	24	33	38	35	25	24	12	38	21	17	22	36	13	17
15	36	25	35	28	39	12	12	31	23	18	26	17	39	36	34	21	29	14	24	31	19	28	23	12	39	11	25	22	39	35	30	35	20	28	16	31	33	28	15	28	37	17	12	40	24	26	12	28	12	39	35	29	28	17	11	38	27	27	36	21	15	36	26	19	37	12	21	11	23	11	12	38	12	13	20	12	32	30	37	11	35	12	29	25	15	14	18	27	33	28	27	21	14	12	11	25	27	14	12
34	20	31	13	21	18	27	28	24	18	35	18	13	36	12	16	40	13	28	26	15	35	31	24	29	20	29	35	38	39	35	33	33	26	14	21	37	12	32	32	40	19	20	25	16	16	40	19	16	19	14	11	24	32	40	17	25	34	18	36	33	30	25	34	22	18	36	28	28	30	36	36	21	15	38	15	37	16	13	23	35	32	34	38	28	17	11	34	21	32	28	39	29	29	32	37	27	36	29	36
28	18	38	21	12	26	35	36	17	32	18	12	16	34	12	17	38	26	19	30	16	30	14	33	12	28	28	38	27	21	11	11	11	40	12	12	15	21	32	15	16	37	14	12	15	39	29	27	32	12	14	30	18	39	27	19	17	17	40	18	28	24	27	14	27	31	32	40	28	28	17	30	12	38	18	27	13	25	16	11	40	15	18	29	16	26	25	31	25	17	36	21	16	35	34	16	14	37	33	37
34	38	30	31	19	17	17	22	31	22	37	21	27	27	16	32	26	23	36	27	25	23	21	15	19	29	28	13	39	17	35	14	14	21	30	27	39	25	12	20	31	36	25	31	14	25	37	19	30	12	14	31	36	14	21	33	17	28	12	37	39	16	31	20	22	14	12	16	22	38	22	36	40	28	11	23	32	25	40	36	28	18	34	28	29	36	17	19	25	27	12	36	27	34	33	18	31	16	11	13
24	14	26	26	38	23	24	25	20	12	23	19	19	15	33	19	13	16	14	17	25	16	26	31	25	14	12	26	17	13	31	19	25	20	39	16	39	24	29	25	29	37	31	17	17	14	39	33	29	18	34	38	30	34	26	28	32	25	20	28	17	31	31	30	30	20	39	19	11	31	40	21	24	15	16	11	39	23	18	22	21	21	35	23	32	40	34	22	26	32	18	20	14	40	19	33	14	40	34	22
32	38	18	28	26	29	22	28	27	31	39	16	36	18	24	17	22	16	26	24	12	18	16	36	38	23	11	15	35	38	24	22	39	21	12	34	22	31	14	12	37	17	21	33	18	18	15	34	25	21	20	32	39	24	33	39	14	38	28	17	33	35	35	29	31	36	34	34	16	33	12	13	35	29	30	20	26	26	34	30	27	22	19	32	20	15	11	22	17	37	17	32	28	19	39	21	38	40	36	12
20	38	34	22	24	25	14	14	31	39	14	14	20	16	34	11	22	18	30	13	19	13	25	36	13	31	21	25	13	13	13	13	35	25	15	34	28	34	25	12	11	19	35	34	32	24	38	29	40	12	16	22	38	34	15	20	19	30	19	33	29	24	25	31	18	21	13	27	22	17	30	13	16	25	39	13	27	13	14	35	17	12	13	29	26	15	26	25	33	26	31	16	16	24	22	28	25	17	23	35
21	25	13	37	35	25	22	12	23	39	38	38	21	39	16	32	18	13	15	24	31	26	21	27	12	22	31	28	19	33	37	20	26	14	22	35	15	38	19	19	21	30	26	26	39	37	25	39	23	30	21	13	11	24	40	40	21	36	19	17	29	38	19	26	14	38	25	22	12	37	22	25	22	36	24	11	16	30	16	30	16	38	38	20	20	30	11	31	33	26	12	39	21	26	31	23	37	34	13	38
23	23	25	34	12	19	31	39	32	28	21	37	16	28	13	37	13	18	16	23	19	13	27	31	27	11	31	30	20	20	32	13	14	33	31	11	27	34	33	30	37	28	26	31	34	13	36	25	29	31	27	17	27	28	19	12	29	39	14	26	25	39	13	39	37	15	14	12	30	36	11	32	12	20	14	25	27	12	28	17	31	29	24	33	27	18	18	20	16	31	16	30	32	18	31	35	35	36	14	31
40	38	22	12	16	40	30	11	29	28	19	14	24	30	15	14	11	27	32	32	27	36	28	23	11	29	14	26	14	34	16	28	19	22	21	14	34	31	23	23	25	40	25	27	12	23	17	34	21	20	28	24	18	31	39	22	34	15	21	33	36	33	24	33	16	28	29	35	24	13	16	19	21	23	37	15	21	24	35	35	18	19	33	33	18	25	25	17	21	33	23	31	13	13	35	26	31	25	23	36
16	39	22	32	33	15	29	21	26	30	40	37	36	33	14	35	15	25	20	40	21	14	19	37	14	28	15	12	25	32	24	12	34	17	37	34	26	25	11	20	25	11	13	37	18	33	11	16	27	38	40	37	13	29	35	24	40	11	39	27	26	21	12	29	27	28	25	39	28	19	22	24	35	17	19	29	14	30	38	39	14	35	31	12	34	39	13	21	16	18	15	32	19	39	16	25	15	16	20	22
29	16	20	18	29	31	25	32	13	24	33	20	21	22	26	28	28	40	38	11	22	35	18	38	14	38	11	16	36	37	23	32	21	19	38	19	34	23	17	31	39	11	14	19	21	31	20	23	21	35	13	32	18	35	17	14	23	32	23	15	40	14	29	26	17	26	14	32	25	27	37	26	26	40	14	37	20	28	15	35	13	17	11	22	25	19	21	26	32	31	20	26	14	19	11	13	21	38	28	17
34	18	38	24	38	39	31	35	29	14	30	32	11	29	14	21	37	16	20	27	11	31	22	19	18	26	30	18	40	18	35	17	31	29	30	15	19	22	23	12	23	14	37	31	32	36	37	13	11	35	40	27	35	29	27	13	27	12	27	39	27	37	12	30	40	26	33	23	40	26	13	33	26	13	30	23	11	31	31	39	32	22	39	30	11	28	38	39	15	32	32	22	14	37	25	22	36	18	31	27
23	22	12	27	29	32	38	38	12	28	20	18	21	11	33	26	29	22	17	11	27	32	17	29	38	13	26	37	12	29	32	12	32	16	40	27	32	28	32	20	19	17	13	15	21	25	25	11	23	17	37	17	14	20	39	36	12	30	24	22	31	24	15	18	20	14	26	32	18	22	37	31	36	38	16	17	15	23	29	13	40	20	22	30	36	28	15	11	14	25	31	14	28	34	14	40	31	21	16	20
11	19	15	12	23	32	37	29	11	40	11	35	12	38	35	33	18	13	39	40	22	22	22	13	31	23	26	38	24	26	24	34	27	16	28	32	24	32	34	31	36	13	37	13	29	22	19	22	14	12	36	23	23	11	26	22	24	16	21	38	33	17	30	23	31	28	21	31	14	29	14	39	20	29	33	26	36	35	24	26	17	11	34	36	16	12	35	33	23	29	37	29	31	22	39	18	35	35	28	16
35	25	23	16	13	34	22	18	29	38	23	27	36	40	17	35	14	35	36	28	28	14	31	37	18	33	19	27	21	17	36	31	35	23	17	19	36	31	38	12	14	37	26	12	15	36	22	12	32	25	37	39	21	13	16	27	28	16	22	30	35	32	39	21	18	34	33	38	16	38	26	32	36	19	15	20	23	12	31	24	31	34	14	18	38	14	20	40	15	29	32	32	33	33	17	38	40	35	11	29
35	17	28	36	18	13	21	34	13	17	24	23	39	30	31	40	32	19	31	12	20	32	35	39	36	20	30	38	31	15	11	22	22	33	16	20	14	27	36	22	38	40	25	23	40	21	16	17	22	28	37	12	19	14	30	11	23	21	37	35	19	28	29	32	36	31	13	17	22	14	19	14	36	29	40	33	36	33	37	22	40	29	25	34	26	22	12	35	20	28	31	23	28	36	18	39	16	35	26	27
11	35	32	35	21	38	16	24	14	28	32	22	28	25	13	40	20	34	29	32	19	24	19	27	20	37	16	20	29	17	20	19	24	24	35	26	20	12	39	22	29	36	35	15	15	24	40	30	19	32	14	26	26	26	35	23	19	20	22	32	24	36	39	37	39	20	29	28	18	39	27	19	19	23	25	21	18	26	37	23	34	13	35	31	11	20	32	27	34	14	16	19	31	39	29	38	16	34	14	19
36	37	33	18	35	35	39	21	30	32	29	37	33	25	38	13	32	11	29	19	16	31	27	26	31	25	36	17	18	28	35	25	34	35	34	31	12	32	24	28	21	17	22	39	23	27	30	18	15	26	20	38	31	16	15	24	24	40	21	25	35	11	25	37	15	11	14	23	17	23	17	33	35	29	14	17	25	34	32	34	24	13	18	34	15	39	16	11	35	23	14	30	38	22	11	23	31	29	22	33
30	13	39	19	14	16	40	28	19	23	32	13	13	23	29	18	38	16	18	29	16	34	14	34	11	19	12	25	30	24	30	18	28	38	12	39	17	29	31	36	16	26	23	38	28	13	19	28	20	27	11	35	32	12	39	28	23	13	25	15	33	17	11	33	12	27	25	30	12	30	26	38	13	29	28	23	24	16	39	35	13	18	37	36	11	27	20	40	22	11	26	27	27	14	32	22	25	40	20	20
15	17	32	31	31	38	40	36	37	23	15	23	15	27	35	11	14	25	35	15	34	22	12	34	28	32	34	37	24	40	34	32	32	30	25	34	30	35	26	31	20	16	23	37	27	40	33	40	17	15	38	19	22	29	14	18	13	19	25	40	28	27	13	11	37	16	17	36	27	15	18	33	37	28	16	28	15	22	24	22	28	13	39	36	22	35	40	18	22	11	18	12	28	12	35	32	29	17	16	23
38	12	37	38	29	24	18	23	39	35	24	23	33	37	20	26	36	36	16	28	23	17	31	19	13	19	22	25	24	27	25	17	14	26	31	15	31	36	20	14	18	35	18	14	23	38	38	13	36	13	34	21	38	23	15	36	12	18	16	14	31	38	17	21	21	21	20	39	37	20	30	12	13	13	35	32	37	38	34	13	34	20	11	28	29	30	34	18	11	32	30	38	25	25	15	12	11	19	35	12
25	23	32	33	17	24	35	16	23	31	35	19	19	11	22	20	29	31	40	31	40	21	20	38	38	39	38	36	39	19	38	40	24	38	37	37	36	30	22	32	21	37	20	14	37	12	11	16	17	13	28	17	33	18	19	33	21	18	15	25	34	31	12	11	33	23	17	38	30	32	36	16	14	39	33	29	34	12	20	27	39	23	22	24	34	36	32	31	32	21	21	33	28	16	23	11	35	22	18	25
22	14	40	20	11	35	21	13	40	18	24	34	36	24	25	40	27	11	38	13	30	18	15	24	38	16	23	23	25	15	16	14	18	17	23	24	34	28	29	36	27	20	12	23	18	19	23	19	13	32	38	29	24	30	35	29	33	40	18	40	31	19	22	31	26	33	39	25	39	14	21	26	30	13	14	24	16	31	22	27	11	26	28	21	22	18	39	37	13	18	29	15	12	21	35	19	39	27	12	28
33	17	13	18	11	38	28	25	14	31	21	35	31	18	12	40	30	20	24	26	12	31	25	20	17	13	27	31	15	11	34	35	23	19	32	26	24	16	13	35	36	34	13	15	32	16	31	14	25	19	38	12	22	13	13	37	11	40	16	11	11	12	11	12	26	25	34	32	12	36	21	16	23	16	30	18	36	14	18	11	31	20	31	31	24	28	34	32	22	15	28	37	13	34	35	31	13	24	37	11
19	11	35	26	11	20	25	12	27	35	17	19	28	30	32	20	16	22	24	22	27	38	16	37	26	17	15	35	31	20	37	27	16	32	27	14	31	40	33	22	34	28	39	38	38	24	17	37	20	22	19	37	12	34	37	37	19	14	34	25	11	32	16	26	27	36	32	24	22	31	22	19	19	37	20	32	38	14	35	21	25	32	13	30	32	16	40	18	20	24	11	27	17	19	31	15	20	40	35	11
30	37	20	38	15	25	33	29	11	37	32	25	36	19	17	37	32	14	14	24	37	14	22	36	32	32	17	11	22	26	26	40	24	12	24	14	17	15	39	38	18	14	30	20	29	22	23	21	38	12	27	24	38	20	18	21	36	38	20	21	17	28	28	16	15	30	18	38	18	19	16	14	29	21	33	21	37	17	11	15	17	40	16	14	19	28	13	32	32	22	12	36	36	27	25	20	37	16	38	19
23	40	29	25	14	35	39	15	32	32	31	20	29	24	19	21	18	14	20	35	30	35	25	16	30	12	35	33	40	20	23	14	39	26	33	36	25	37	38	14	16	36	28	37	27	35	22	30	11	27	38	18	28	15	12	36	35	25	26	35	26	14	26	35	24	27	22	24	28	21	37	23	13	31	30	38	38	14	25	32	29	12	17	11	12	40	25	13	33	33	16	12	40	33	33	27	11	30	13	14
12	35	11	22	16	17	29	11	35	26	25	33	11	27	15	11	40	34	33	29	30	16	23	16	34	37	32	34	14	24	34	14	22	40	28	20	26	28	19	37	14	15	20	25	19	19	14	22	20	25	14	27	35	13	22	32	27	21	36	34	28	22	37	23	37	26	13	32	34	16	39	24	40	13	12	29	28	17	21	14	15	24	21	37	37	32	32	34	26	38	13	23	19	27	17	29	16	40	40	28
25	25	11	40	37	20	11	25	18	15	32	22	33	34	23	22	38	16	19	30	29	26	31	36	11	34	31	14	35	36	22	40	23	36	27	16	37	20	30	37	29	19	27	35	20	13	16	17	11	22	36	34	36	12	21	18	34	11	28	13	30	19	34	26	30	33	27	29	12	33	11	23	15	31	13	26	24	37	17	35	37	31	34	29	25	35	15	30	33	15	30	13	38	29	16	26	34	35	24	24
17	39	33	35	20	39	21	15	30	28	19	12	28	38	34	26	35	18	29	27	35	26	24	13	16	30	33	38	38	32	19	19	15	21	20	15	30	30	36	11	23	29	34	35	11	32	17	35	40	25	19	34	12	24	24	34	22	32	31	38	13	24	37	16	40	18	24	25	21	35	14	35	13	28	15	33	22	28	39	32	15	38	19	31	19	19	38	13	11	27	26	34	15	32	24	34	22	28	34	30
33	13	15	37	30	21	25	30	20	32	39	30	26	21	39	12	16	20	17	14	26	12	16	14	12	34	24	18	36	34	39	28	30	35	39	39	18	15	27	24	11	35	25	19	16	40	33	21	28	25	35	37	20	39	38	19	19	24	14	14	11	30	40	39	17	22	18	11	13	26	25	38	32	23	14	31	31	16	37	12	15	29	39	34	36	18	30	11	26	37	11	39	19	40	28	21	29	38	14	19
39	26	30	26	17	33	35	31	35	39	31	32	27	25	33	37	39	31	12	19	15	12	25	34	33	19	15	26	39	25	19	22	32	30	26	24	11	39	37	11	26	16	37	40	26	37	14	25	13	37	17	30	32	39	21	26	37	20	12	14	38	21	39	33	15	33	20	13	36	15	11	17	32	18	39	34	14	33	14	22	26	19	13	15	40	28	22	37	33	27	19	39	12	24	18	13	37	15	31	27
24	25	23	29	36	15	29	34	14	17	29	30	18	30	12	16	15	33	21	26	21	23	21	38	36	35	18	13	36	11	26	37	23	27	40	28	16	28	38	13	30	19	28	25	26	29	34	21	11	12	38	39	32	37	32	19	16	40	40	19	39	12	32	16	17	20	32	35	17	20	21	33	22	33	26	39	27	18	39	13	24	22	21	14	23	30	37	21	32	25	31	12	37	16	32	28	39	37	30	20
39	34	37	19	11	35	20	22	38	13	19	27	31	39	20	24	29	39	39	12	25	34	21	35	19	30	30	16	19	23	25	11	12	28	33	33	15	20	24	31	24	40	11	12	34	38	11	35	33	16	32	20	14	21	36	39	16	32	18	20	17	39	31	20	33	36	14	40	38	28	38	19	21	25	39	39	21	18	14	26	16	36	15	36	31	36	36	40	34	11	40	39	20	22	32	34	33	24	11	27
19	11	34	32	32	25	28	13	16	25	38	22	23	16	29	17	37	21	22	33	12	34	37	40	17	13	33	15	13	15	34	23	14	26	31	38	29	32	19	26	23	31	22	16	17	26	14	19	32	25	19	13	14	35	29	13	34	17	34	39	40	40	22	37	25	30	38	14	38	25	20	40	30	20	35	15	39	32	34	12	30	13	34	18	18	14	28	38	21	15	36	16	40	37	22	40	26	24	24	31
22	23	14	23	17	13	40	11	24	23	37	32	19	34	40	11	22	32	32	23	24	21	39	36	11	14	16	21	24	34	21	30	31	17	22	14	26	30	28	26	34	15	24	30	32	39	16	36	39	23	23	29	14	21	35	15	28	16	36	29	17	34	22	39	12	30	32	36	26	12	25	11	38	23	27	38	31	21	27	16	20	27	39	39	32	13	35	32	34	37	12	40	30	32	15	20	24	36	29	14
25	19	29	40	11	29	20	22	39	16	24	34	16	18	39	18	32	40	27	14	16	24	35	13	11	33	22	19	26	15	19	25	12	14	15	27	14	37	23	24	36	36	17	33	39	13	31	28	19	19	39	26	22	13	27	21	18	36	11	34	32	34	28	17	28	25	31	21	20	31	37	37	13	38	40	17	38	31	34	33	29	23	35	19	38	23	29	20	23	19	15	19	23	26	28	17	15	14	26	24
35	40	31	13	28	31	38	38	38	11	19	14	13	30	13	19	12	16	26	29	40	20	15	31	19	23	21	23	26	26	25	27	29	26	23	17	21	15	37	29	38	29	37	25	20	27	37	40	23	30	18	20	32	29	18	40	17	28	39	37	33	33	23	27	19	27	29	32	20	40	16	24	26	35	27	11	15	16	15	30	14	15	39	30	36	36	24	14	39	17	40	13	25	20	21	17	33	15	15	38
22	23	16	29	11	27	18	23	21	36	23	29	15	28	11	19	29	11	14	12	35	26	38	30	27	37	13	38	39	22	19	34	36	37	32	26	15	31	24	28	15	37	14	17	15	40	21	31	20	38	26	22	33	28	14	21	28	12	21	11	23	14	23	18	24	21	32	23	13	37	13	32	28	38	20	28	24	26	40	20	21	40	21	21	14	32	11	20	36	40	11	12	37	25	37	28	37	34	29	16
19	25	40	20	28	25	15	19	13	29	19	18	23	11	40	11	12	38	39	36	34	34	39	17	34	22	30	20	34	34	24	39	25	40	39	33	34	35	26	34	24	39	39	14	21	25	12	15	14	17	39	33	37	33	13	34	11	33	18	40	22	17	39	18	30	35	27	30	16	14	34	31	39	31	40	38	17	23	22	27	40	19	18	22	11	22	29	36	15	28	16	22	33	39	17	32	22	32	39	37
20	20	15	26	13	37	33	23	21	22	26	34	14	19	33	30	22	26	17	30	14	39	15	28	34	20	14	30	29	36	12	22	25	34	18	18	20	25	24	19	32	23	15	11	18	33	23	14	37	34	25	15	20	26	32	11	29	32	39	28	17	37	32	24	13	18	17	34	27	11	23	27	11	17	23	32	23	17	11	27	13	33	25	33	22	33	29	31	16	18	26	28	23	21	16	30	31	27	15	13
38	14	32	26	27	19	13	19	39	16	25	39	38	38	28	33	32	20	27	30	23	11	37	35	30	34	14	30	32	24	13	19	23	19	30	37	17	35	20	35	24	12	21	33	39	11	18	31	21	24	26	26	29	23	39	40	38	38	23	24	27	26	26	19	20	33	30	39	12	27	25	28	11	19	24	29	16	34	35	33	39	17	11	29	38	28	12	36	14	35	18	28	14	15	26	13	35	27	18	15
26	33	21	23	13	14	26	36	20	31	20	17	14	39	40	35	18	24	31	25	38	11	16	12	11	17	36	35	12	29	11	29	39	11	16	15	35	18	15	36	34	33	11	26	11	37	15	22	34	25	21	14	23	31	12	28	19	24	32	19	30	21	31	17	15	27	34	26	21	22	29	35	23	24	29	15	39	12	33	34	15	11	16	19	39	31	14	28	24	32	34	32	32	30	27	16	13	22	12	37
19	35	26	24	28	29	19	32	39	40	29	25	29	26	37	21	29	20	18	18	18	23	13	39	28	14	31	33	32	27	16	38	24	21	30	27	30	26	22	11	22	29	12	40	15	27	30	31	19	13	32	13	39	38	37	23	34	24	34	16	39	38	36	33	24	28	13	20	13	23	26	30	31	32	21	16	39	35	35	26	38	25	26	29	37	36	27	21	39	21	36	22	14	38	14	30	34	37	11	14
32	18	40	37	16	16	15	14	25	38	35	30	14	23	20	33	22	22	33	21	33	14	40	24	15	32	31	33	28	12	40	19	35	23	35	31	16	19	32	40	28	29	29	16	28	16	38	28	36	30	33	35	33	23	35	19	15	28	19	14	12	38	30	23	20	15	39	20	29	38	18	14	26	19	23	21	16	15	17	39	25	20	12	17	24	35	34	18	18	20	20	30	18	33	39	38	11	38	31	38
38	27	31	15	23	32	28	35	38	34	31	15	12	26	33	28	25	24	15	33	36	17	38	36	37	13	19	18	15	33	30	30	25	19	13	15	17	36	26	11	16	13	38	25	20	33	18	29	39	28	36	30	40	37	34	22	11	31	16	32	32	15	23	15	40	32	29	21	23	23	18	18	32	32	17	27	24	18	39	21	33	39	39	13	19	27	35	11	13	26	15	28	33	35	33	28	32	12	12	31
40	38	26	38	27	15	12	40	12	39	32	13	28	38	24	11	29	24	29	20	28	15	30	28	24	19	39	26	31	28	13	30	36	38	24	29	31	31	20	17	29	26	24	40	31	32	25	14	22	37	29	13	34	17	17	21	28	33	13	16	19	12	34	16	36	16	25	26	21	37	21	26	18	15	26	40	18	14	18	26	17	26	11	33	24	22	38	27	34	37	32	37	36	21	27	21	19	11	23	32
16	32	32	28	16	20	19	35	35	33	15	20	40	28	35	17	18	29	39	37	29	24	35	11	37	13	18	11	27	37	22	33	39	23	15	22	31	25	29	39	16	25	31	30	28	11	18	28	34	20	25	30	33	28	28	19	38	27	22	19	35	38	18	11	31	40	28	16	31	30	17	33	12	30	17	29	40	24	29	20	36	31	34	19	38	30	27	30	17	24	40	23	29	38	29	25	11	33	37	39
33	15	34	14	37	28	22	19	32	40	38	22	34	12	34	40	36	17	22	26	36	30	22	37	25	40	33	25	16	22	31	29	40	16	38	33	16	33	36	17	24	20	21	29	22	24	15	14	15	23	28	29	17	40	22	13	31	17	29	23	27	30	21	37	26	22	31	11	15	29	18	31	26	37	21	18	23	12	20	14	17	26	13	30	34	12	38	28	12	19	24	24	36	27	28	40	17	33	29	28
17	30	26	36	20	40	39	14	12	28	35	32	20	22	37	30	15	40	23	29	27	38	33	17	37	30	21	20	40	17	39	11	23	30	34	18	18	37	30	29	23	24	22	33	19	17	30	40	26	29	20	25	12	16	19	39	28	11	15	17	20	15	18	29	17	25	34	11	19	20	29	26	38	29	19	26	24	37	18	32	15	37	12	34	18	17	28	20	21	27	40	27	18	36	31	34	36	15	22	33
35	18	40	31	11	35	25	35	31	36	33	16	17	38	12	32	40	14	35	16	11	40	22	13	36	35	20	16	23	37	12	12	20	37	14	39	40	18	34	15	38	26	32	34	21	37	39	23	38	33	23	19	28	24	30	35	35	40	24	40	38	24	13	23	15	16	11	23	29	26	17	23	17	27	31	38	14	15	35	20	12	15	19	27	37	23	14	23	17	16	11	18	35	24	20	38	23	24	33	39
26	23	39	28	22	40	23	34	22	19	31	25	38	11	16	19	27	16	14	18	27	26	27	40	33	25	21	22	22	39	17	15	35	30	23	30	31	22	25	17	14	26	26	29	34	11	30	27	27	20	29	16	38	23	34	11	17	36	18	22	28	37	13	13	39	28	33	32	32	15	38	18	24	40	38	26	22	14	36	29	24	11	15	28	35	32	30	22	13	16	22	12	40	40	40	35	29	36	37	34
26	28	38	36	16	30	40	30	20	21	25	39	18	39	33	29	23	19	40	21	27	17	28	27	14	36	29	20	40	19	26	32	24	36	19	29	25	39	11	38	17	29	15	13	30	19	31	21	37	18	38	27	35	17	19	28	15	15	39	37	27	37	22	20	17	35	17	38	12	32	30	36	28	19	14	21	25	21	39	35	20	21	26	11	26	38	39	21	36	22	33	34	18	37	34	29	37	20	25	16
39	39	32	37	26	11	23	26	25	14	19	39	15	21	31	16	27	25	34	23	17	19	35	32	26	11	17	32	23	25	30	21	22	16	40	24	39	25	13	32	14	26	31	36	15	24	12	25	22	34	37	20	14	22	18	40	27	34	29	20	38	35	18	30	24	31	31	19	38	20	23	37	18	35	13	38	18	31	23	31	34	12	19	19	32	14	15	31	22	14	19	23	40	29	15	40	21	25	33	19
37	36	13	17	37	21	29	36	13	30	33	15	24	15	23	33	11	31	18	34	15	27	29	21	37	22	37	17	39	24	16	21	31	14	39	23	14	33	19	28	25	18	31	20	11	27	37	24	34	39	37	26	24	29	37	17	16	19	36	40	22	33	13	18	15	32	35	38	36	13	38	11	23	22	18	11	12	36	24	14	35	23	19	40	33	17	18	17	28	19	23	11	14	40	13	31	37	20	21	37
14	16	38	12	18	36	39	12	30	15	18	20	24	23	25	31	21	23	15	19	22	34	15	21	36	31	39	23	40	26	19	35	35	21	28	26	27	29	31	21	36	20	19	39	17	23	23	21	14	14	23	36	23	12	32	16	40	38	40	28	27	24	30	26	20	15	33	30	15	16	11	34	23	28	26	32	21	18	16	26	21	24	18	21	37	37	13	37	30	40	15	17	24	19	22	18	25	16	18	23
37	12	35	39	14	13	20	32	25	18	34	32	12	13	19	11	13	20	39	37	27	19	12	12	19	39	32	27	28	35	25	12	11	30	27	20	29	11	39	38	36	23	24	17	16	39	37	39	25	25	40	37	40	21	21	34	34	12	34	25	39	27	12	26	13	16	33	25	27	37	23	40	37	21	38	31	15	29	27	32	30	23	11	29	18	25	27	36	16	15	32	27	20	36	12	35	36	28	18	26
12	18	24	27	23	24	14	25	39	15	19	19	24	30	23	36	18	26	14	16	25	37	32	14	37	24	19	34	13	12	28	32	31	21	27	15	33	17	30	14	16	28	38	34	37	19	32	24	38	27	28	17	26	33	21	19	20	35	25	12	25	25	19	22	21	21	13	18	19	22	35	15	14	29	18	27	12	29	19	29	15	27	29	35	11	23	18	22	22	17	21	11	35	40	13	16	27	35	38	37
25	26	34	28	26	26	16	21	11	36	38	38	38	39	15	36	33	21	33	32	23	16	29	23	31	40	12	13	35	37	18	13	19	36	20	32	34	14	29	40	38	31	25	40	38	28	25	30	12	16	11	11	36	29	36	38	20	36	30	36	40	14	30	24	29	36	15	36	13	34	33	15	28	29	28	36	35	34	17	30	13	22	17	35	25	25	35	26	33	39	31	25	40	22	17	28	19	11	13	34
36	12	22	11	20	32	13	29	18	32	19	24	30	21	18	25	21	25	18	17	11	37	28	17	18	38	24	16	23	25	11	19	35	34	16	18	16	34	20	33	11	25	28	19	16	19	15	40	37	33	13	19	27	34	40	23	30	14	16	22	15	29	14	30	11	17	20	36	15	21	19	31	40	27	25	38	15	13	36	31	31	39	28	17	13	17	35	32	17	21	25	32	18	29	11	25	39	13	31	34
30	38	34	32	17	17	17	36	17	21	18	24	38	15	29	38	14	21	15	31	31	22	27	18	17	19	24	16	30	24	14	31	37	26	30	14	34	38	24	19	39	19	19	36	12	26	15	40	28	23	34	28	39	25	40	27	17	28	40	18	21	39	17	27	22	19	11	36	30	35	29	37	21	40	12	31	33	18	31	11	33	22	29	18	12	36	27	38	17	24	36	18	39	35	13	39	12	30	17	25
13	31	17	23	28	23	28	26	18	32	13	37	33	29	35	31	27	17	20	17	12	39	17	19	17	21	20	22	19	16	16	17	31	35	19	24	31	29	32	13	25	29	35	39	14	21	16	17	11	34	37	24	11	11	31	38	17	14	23	14	38	21	30	34	11	39	28	23	35	28	28	38	32	13	34	14	17	33	14	35	13	30	33	33	15	31	24	12	24	17	21	27	23	39	21	35	28	16	40	32
22	30	34	17	32	22	28	21	26	40	38	34	40	27	25	24	40	12	34	32	38	17	31	35	35	26	15	40	26	18	40	16	15	23	28	37	31	27	34	33	29	22	18	27	13	25	28	25	15	34	34	39	26	22	35	28	33	27	37	38	34	15	14	12	29	23	19	33	23	15	12	28	16	22	17	18	15	38	18	21	22	31	31	27	20	40	34	23	22	38	21	16	26	27	36	21	34	11	39	17
17	24	39	32	12	27	40	17	22	39	25	35	34	22	36	28	33	23	19	17	19	22	16	31	30	40	24	28	29	31	39	34	27	35	23	12	33	25	30	22	35	23	17	28	34	12	16	13	40	32	29	36	37	32	32	36	26	38	11	26	35	17	35	28	22	23	34	11	30	14	36	29	37	25	40	21	11	39	25	33	14	15	19	11	16	35	16	14	40	24	25	12	12	25	28	16	31	19	32	33
11	24	28	26	12	16	11	29	25	23	32	36	28	20	18	14	40	17	30	29	11	16	34	18	32	22	39	33	40	14	20	13	36	25	29	34	33	29	32	37	22	21	35	19	29	25	32	22	27	22	13	18	26	38	31	21	13	19	23	19	19	28	20	24	34	32	13	15	11	36	29	33	14	12	22	22	15	16	15	14	33	27	23	15	17	32	21	13	40	36	20	13	36	12	33	19	12	12	28	31
33	26	24	24	37	23	20	20	14	32	12	26	17	17	37	27	11	16	28	13	33	31	35	26	13	22	23	38	35	26	26	37	29	16	23	25	31	12	31	25	27	32	14	30	30	28	12	20	17	39	32	33	11	39	28	34	18	20	12	31	29	33	11	22	18	24	37	16	12	23	33	20	33	31	31	13	36	16	32	36	17	14	11	15	17	13	16	26	22	15	32	27	32	17	34	34	40	36	22	16
15	14	13	17	19	17	24	31	27	37	21	38	13	33	39	14	15	35	19	14	23	20	38	18	27	28	34	22	11	19	25	15	26	28	14	31	27	34	21	34	39	38	22	16	19	23	32	30	22	31	22	24	31	29	16	18	18	14	25	12	38	18	38	35	23	14	32	35	25	14	34	26	22	36	34	21	37	37	39	39	31	36	16	23	34	26	35	24	24	18	25	35	27	34	33	35	14	13	29	11
19	20	14	15	33	36	39	25	39	17	26	26	39	36	40	23	13	30	14	13	32	14	28	17	18	19	22	20	33	14	24	23	25	21	27	27	34	12	19	39	37	40	36	22	35	33	35	29	14	32	23	23	28	20	22	29	30	30	15	31	14	21	28	17	38	27	27	39	26	24	16	29	35	36	17	40	18	23	23	11	12	28	25	27	17	38	33	29	17	30	11	32	23	25	16	24	11	21	11	36
33	32	26	13	11	31	23	13	20	34	39	26	27	13	17	40	13	14	29	27	34	31	15	12	11	23	37	40	29	24	12	38	14	14	17	39	33	38	18	37	18	13	38	23	29	15	12	30	20	15	21	15	21	37	11	14	36	30	21	39	21	16	24	35	36	28	40	27	36	28	35	30	14	17	38	30	21	13	22	39	26	27	38	26	16	21	28	24	35	32	36	37	16	21	18	12	30	17	31	24
28	39	33	11	16	28	26	40	17	18	25	12	13	20	29	27	35	40	14	31	22	17	18	32	18	35	15	36	33	30	27	17	26	15	38	39	20	36	18	23	16	12	27	35	28	22	36	16	34	16	22	24	31	14	38	27	23	14	24	14	20	36	28	21	37	15	24	11	39	34	37	35	28	35	24	31	17	21	29	22	15	18	13	18	25	30	25	36	24	17	35	11	21	32	30	22	24	39	25	13
12	23	22	32	26	28	20	29	22	27	35	19	19	26	26	13	13	36	35	23	17	38	12	39	19	16	34	31	11	26	37	24	32	29	38	28	29	22	37	38	21	33	14	14	16	16	31	30	39	19	15	25	23	26	29	28	18	17	26	26	32	22	36	36	30	11	36	26	16	22	15	16	35	18	15	33	26	37	23	30	27	24	21	16	34	20	32	13	19	33	40	30	20	21	24	37	20	22	17	34
27	24	38	34	37	17	33	16	28	16	35	36	17	11	16	26	11	32	32	37	24	24	13	12	30	19	14	33	15	38	11	28	15	28	14	34	22	25	11	38	24	23	31	32	23	20	12	17	20	23	14	15	20	36	21	16	34	19	27	35	24	20	35	39	35	12	39	33	37	23	38	25	22	29	40	39	30	29	33	33	21	14	17	31	14	18	11	17	29	34	13	26	34	12	32	30	29	21	16	30
27	21	26	21	35	15	34	36	31	11	37	36	21	16	32	11	28	39	35	16	11	22	22	26	33	14	15	22	20	32	28	35	25	29	29	26	35	15	38	29	38	31	15	22	32	26	12	40	12	23	37	30	28	17	37	25	25	35	31	14	39	16	27	28	34	23	32	25	26	17	32	32	25	40	37	24	28	36	38	21	21	24	27	35	12	21	36	26	25	17	36	40	14	40	33	26	15	35	31	33
23	32	32	31	18	20	20	21	13	27	32	20	19	35	25	21	32	37	34	40	11	11	13	36	31	39	22	37	30	30	35	30	22	35	19	19	26	17	33	11	32	25	17	37	28	18	30	40	22	30	17	29	16	38	39	15	26	21	21	25	22	29	17	20	34	21	11	25	32	12	35	29	15	23	12	26	14	33	40	12	26	22	27	17	31	22	19	27	34	28	20	34	23	13	30	33	37	22	14	22
14	15	30	32	12	23	17	40	37	27	38	24	12	17	11	16	13	35	35	21	28	31	36	20	11	24	14	36	30	12	29	32	23	24	40	35	31	28	11	20	16	13	28	14	39	23	23	29	21	25	30	18	17	39	40	21	38	38	32	20	31	18	30	17	39	26	33	36	14	22	28	29	21	13	28	29	16	35	33	21	12	38	33	12	23	25	31	35	26	19	16	38	21	28	37	29	21	30	11	23
13	20	19	13	17	31	28	31	40	28	17	38	16	38	40	21	22	18	33	14	34	28	16	27	12	32	35	23	23	15	37	21	40	30	25	31	15	36	14	23	40	18	37	11	30	31	24	38	26	20	18	32	28	39	37	19	27	15	24	13	21	26	16	24	29	28	36	30	37	11	32	14	11	34	20	18	35	37	19	21	33	18	19	24	33	31	31	21	14	40	20	21	26	15	37	31	14	29	37	39
35	20	24	11	36	36	23	39	30	37	25	21	30	30	18	24	19	30	39	20	39	33	12	30	32	24	12	11	22	37	16	18	33	34	38	26	38	23	18	23	31	20	14	37	19	35	29	35	17	40	22	27	33	13	35	17	22	39	29	35	26	16	15	15	27	27	36	17	11	11	19	40	39	17	30	12	34	13	26	20	39	15	17	20	22	16	25	30	17	40	34	16	19	19	22	13	11	23	21	13
23	30	17	14	23	28	18	29	33	30	28	11	19	19	33	20	31	30	37	39	11	29	11	14	39	14	40	28	33	16	12	22	30	35	26	16	36	35	24	34	33	37	29	21	17	33	21	12	22	37	11	30	23	17	16	12	16	36	25	24	40	36	36	38	37	28	25	39	40	18	32	40	18	17	12	24	23	38	13	31	37	15	22	28	20	32	29	29	20	36	27	24	30	31	13	27	12	26	37	16
24	31	25	15	28	26	30	36	30	39	32	23	25	13	35	40	18	20	34	22	22	37	31	20	22	22	24	26	14	35	18	25	34	21	39	28	25	23	18	23	37	12	18	36	12	26	25	18	14	35	17	33	39	21	35	36	39	29	11	12	40	20	21	21	40	31	19	14	40	19	32	19	18	31	37	31	36	17	23	19	39	31	25	21	15	28	26	28	12	29	19	22	37	38	29	34	40	21	26	14
24	18	36	21	29	30	19	33	18	19	35	32	39	16	14	39	32	31	40	38	18	23	29	16	24	28	11	17	14	13	29	34	22	33	27	29	34	39	18	16	24	30	25	22	11	18	34	17	24	14	40	33	25	35	11	25	21	30	25	22	24	33	38	33	37	39	16	25	25	38	23	33	14	12	14	32	14	14	11	12	26	40	37	39	25	12	36	17	36	19	17	12	16	37	39	30	39	22	34	22
18	32	15	11	23	38	31	37	39	13	37	16	32	37	32	15	25	26	13	30	17	40	30	23	40	33	12	21	32	23	35	15	21	37	15	22	30	21	32	17	13	16	40	13	27	24	39	14	15	34	39	39	16	40	38	20	39	26	16	22	21	22	19	21	32	33	38	13	38	12	35	19	29	11	20	39	36	29	14	24	15	36	29	32	13	34	29	28	14	40	27	37	11	19	29	33	25	20	33	35
37	22	22	29	20	26	35	35	40	28	23	26	25	19	15	14	27	11	30	22	26	25	26	34	30	34	22	20	38	24	38	27	18	13	39	21	14	25	37	33	37	25	23	38	12	17	40	11	27	40	22	37	22	38	37	40	30	28	30	26	11	39	37	28	34	26	26	38	13	19	24	26	14	27	20	39	36	12	26	26	38	25	32	29	29	13	11	14	29	13	33	33	13	25	35	29	29	18	26	22
33	40	39	35	25	11	21	21	11	36	23	34	23	19	37	34	34	35	24	31	27	40	25	39	34	19	28	24	34	40	14	34	26	28	35	39	22	23	24	24	20	39	39	36	32	36	34	26	27	39	12	17	26	33	38	34	36	38	25	28	20	39	19	26	39	27	18	22	35	15	35	25	30	31	36	14	37	19	38	22	39	20	19	15	36	12	21	27	11	16	36	18	12	17	33	17	28	28	11	27
27	39	18	24	32	24	28	34	29	31	18	18	25	25	28	28	11	33	28	17	20	25	39	37	24	27	28	19	37	39	26	40	28	14	26	29	28	39	31	33	31	25	24	38	13	31	16	32	12	21	17	32	33	19	34	34	39	18	12	16	34	40	29	38	16	12	17	34	16	15	28	19	37	14	30	32	12	40	31	17	14	39	14	26	24	13	36	11	27	20	20	11	34	21	26	36	23	30	13	20
24	24	40	20	15	31	38	24	21	12	30	36	28	15	37	16	22	17	28	40	11	11	39	21	23	31	22	38	40	29	18	36	13	18	17	30	21	24	11	34	38	11	24	19	16	24	12	37	32	26	20	36	11	33	28	12	32	29	40	21	35	25	34	11	38	18	21	20	29	23	25	20	12	23	22	11	19	15	24	31	17	27	22	28	15	14	14	29	36	12	14	39	14	12	29	32	38	39	38	22
36	27	28	24	16	27	18	18	26	15	16	23	18	16	18	36	13	20	28	23	33	11	24	20	27	22	16	24	32	14	34	18	40	40	39	11	17	31	24	23	40	30	12	15	31	26	26	24	27	36	20	22	28	18	25	31	32	39	38	28	13	34	32	25	13	38	21	18	12	25	34	27	27	28	11	28	27	12	11	32	13	17	12	15	35	23	15	39	31	28	11	18	16	34	15	25	15	21	40	27
78	85	11	81	33	75	91	18	45	89	67	30	59	41	55	98	97	82	34	38	35	21	84	96	49	95	63	79	65	70	20	60	93	77	80	1	2	73	52	27	94	64	47	74	32	53	66	51	40	50	44	88	42	10	25	62	8	43	56	4	23	76	36	58	9	92	17	6	13	100	7	26	71	54	83	48	68	16	22	14	39	29	28	72	15	69	12	46	3	61	87	37	24	31	19	90	57	99	5	86
11	66	63	69	27	28	67	25	76	57	48	36	83	41	32	61	30	50	13	96	90	17	2	33	1	20	92	49	4	77	5	78	42	100	91	44	6	29	79	47	26	88	59	86	71	81	53	35	58	39	60	9	51	99	97	46	98	23	3	95	37	56	94	73	8	22	34	45	64	74	55	89	75	16	12	62	52	93	87	72	15	24	40	18	31	65	82	10	54	68	85	80	38	84	14	43	70	7	21	19
90	82	59	21	62	25	69	46	9	10	28	81	32	47	75	84	88	99	95	76	58	36	61	98	45	73	42	77	74	97	64	12	48	100	96	22	26	11	78	71	67	2	14	20	92	94	27	3	4	72	55	16	23	56	57	63	19	8	41	35	49	40	24	29	87	30	50	85	68	31	44	89	39	80	5	38	18	65	60	1	43	13	17	51	53	86	79	54	70	91	37	93	52	83	66	7	6	33	15	34
51	6	28	77	70	92	94	76	3	20	4	40	48	58	52	63	84	99	87	34	79	93	71	17	86	11	32	42	95	74	67	29	96	78	26	30	37	57	97	56	60	15	85	73	50	1	47	22	82	10	31	24	55	5	27	39	16	7	59	53	46	90	83	14	35	38	18	44	66	2	19	49	25	43	75	91	88	21	54	8	33	80	89	69	12	100	72	45	36	81	61	41	98	68	62	9	64	13	23	65
63	72	15	14	32	38	12	29	23	62	66	44	92	99	97	88	93	81	33	76	4	2	61	59	87	17	31	24	41	45	73	25	40	95	91	3	7	36	39	89	68	9	82	47	56	67	37	65	10	11	5	69	28	42	60	64	51	20	78	54	74	35	21	27	70	50	16	19	53	98	26	49	48	100	6	96	75	94	84	13	8	86	90	46	80	85	77	58	43	83	34	22	30	71	18	57	52	79	55	1
45	71	2	57	86	41	6	97	56	62	31	14	1	60	21	55	15	25	98	76	63	27	22	83	47	65	58	44	43	46	20	32	72	99	35	64	36	10	13	67	90	94	82	59	51	75	26	33	70	49	19	38	96	3	91	89	39	77	95	7	42	12	9	78	34	100	54	17	52	66	23	48	37	29	5	18	93	88	50	84	16	73	87	24	81	53	92	4	85	68	40	28	30	74	8	79	61	11	69	80
70	84	97	76	1	90	33	62	88	41	81	7	92	63	3	94	57	71	17	16	86	58	25	18	31	19	98	21	51	4	11	13	43	10	48	55	95	66	40	73	15	99	89	53	65	80	24	20	12	68	72	45	74	32	96	49	59	42	64	26	61	34	50	35	52	14	54	22	79	46	6	87	85	67	56	100	75	91	30	23	69	38	60	47	93	27	77	9	39	2	37	29	8	5	44	82	83	36	78	28
62	47	6	97	61	23	33	2	43	78	71	18	5	67	28	68	37	24	29	88	74	92	52	49	58	46	22	4	31	100	35	81	8	51	13	95	34	19	44	3	91	54	72	10	83	73	17	9	75	39	32	85	84	65	64	57	63	30	79	14	98	48	7	60	15	69	1	26	27	94	56	70	86	20	90	36	40	93	99	41	59	76	50	12	66	80	21	42	55	89	53	96	11	45	77	16	82	38	25	87
46	63	82	87	12	55	18	10	49	98	70	31	7	73	25	37	41	88	91	27	40	97	1	93	35	5	86	92	99	100	74	6	96	17	66	3	24	30	54	71	61	69	22	39	64	62	77	34	43	51	85	90	84	4	72	16	75	47	11	53	26	65	15	52	8	2	33	36	76	13	32	79	14	20	94	78	56	44	89	57	59	42	48	9	38	45	67	83	29	21	50	19	80	95	60	68	28	58	81	23
25	40	3	89	4	82	36	80	83	76	26	60	85	99	2	7	9	78	27	62	6	54	67	29	75	22	16	48	24	81	11	52	12	91	50	51	38	63	47	41	90	73	46	39	96	70	93	18	1	92	49	68	64	57	88	37	21	69	55	79	86	13	10	17	33	95	77	56	44	43	28	19	14	61	5	66	59	94	8	58	65	71	32	45	42	87	31	23	97	20	34	72	84	100	53	15	74	98	30	35
17	63	16	56	1	55	81	67	64	9	80	93	22	70	38	30	28	54	95	78	87	2	89	41	77	31	25	94	74	23	61	32	52	91	14	26	66	21	24	53	3	86	88	27	5	59	85	72	100	37	65	98	42	96	90	45	92	60	15	73	97	47	48	40	44	82	84	39	49	69	99	75	62	57	68	33	18	10	58	71	7	36	43	4	29	19	20	8	83	12	46	79	13	51	34	35	11	6	76	50
42	97	82	73	15	94	75	40	46	89	62	98	41	60	9	2	16	51	20	53	14	48	8	77	72	99	87	36	92	37	26	91	29	56	67	1	27	10	45	31	5	50	22	54	96	21	58	17	76	39	4	13	86	70	80	93	3	34	88	12	23	19	35	71	25	33	68	69	32	11	57	18	63	30	59	7	47	43	44	24	78	84	38	49	83	61	55	81	90	95	85	74	100	6	66	52	28	79	65	64
18	88	97	81	45	55	50	51	27	90	29	26	15	87	72	13	85	11	33	98	56	65	43	94	95	16	80	71	48	41	67	100	54	60	24	77	96	47	40	17	66	4	3	92	30	9	42	8	44	78	5	59	36	76	1	25	37	57	58	34	20	79	93	35	53	22	82	70	7	52	49	68	6	89	23	74	12	84	19	32	2	64	99	91	10	28	14	62	39	86	61	63	21	83	38	75	73	31	69	46
2	58	34	89	92	70	39	30	10	5	19	50	80	72	83	23	82	71	85	45	22	3	48	100	33	98	52	51	41	81	73	43	28	42	57	12	24	47	67	32	11	78	9	20	16	6	14	31	18	21	17	62	95	26	13	90	66	63	77	88	25	60	94	35	74	15	86	91	46	7	54	36	56	68	65	84	59	8	61	29	49	38	93	27	69	53	99	1	76	75	55	40	97	4	96	87	79	64	37	44
11	32	31	35	48	42	76	13	72	79	58	50	9	97	46	82	63	60	36	80	95	5	28	68	29	64	62	4	21	56	27	45	100	71	24	99	75	96	40	26	20	3	14	43	81	66	89	73	55	44	47	86	77	98	10	70	19	6	22	93	39	17	52	87	51	90	53	94	59	65	2	33	57	84	38	49	67	74	85	12	25	83	15	30	1	37	23	16	54	88	41	7	91	8	34	18	92	61	78	69
15	63	64	18	34	44	73	85	92	3	97	5	42	70	95	23	56	6	80	74	27	58	88	89	22	40	35	83	28	71	30	60	33	79	65	19	47	20	32	2	37	93	59	1	91	24	82	48	29	49	31	7	10	11	66	57	21	50	86	25	69	52	84	77	13	94	38	78	76	51	87	14	46	39	53	43	75	96	26	8	16	4	54	17	41	81	99	61	68	45	100	67	36	72	62	90	9	55	98	12
89	9	86	20	51	57	63	41	93	74	95	7	16	100	11	88	40	62	64	60	97	52	87	85	33	59	22	90	75	8	54	46	47	80	69	48	18	15	49	3	29	30	6	38	96	98	24	76	4	53	99	37	1	23	92	79	94	82	17	42	21	91	27	83	78	26	84	67	61	81	71	66	12	13	73	65	2	70	35	14	55	31	68	50	45	44	43	34	32	39	19	10	58	5	28	56	72	25	36	77
79	24	25	12	23	95	45	53	89	6	1	85	87	63	73	69	60	57	96	94	36	56	80	62	81	4	27	52	8	98	13	40	66	41	77	30	35	34	64	43	55	48	32	70	39	20	75	61	51	2	3	22	92	47	72	91	58	33	44	42	90	100	86	71	28	21	74	9	31	11	93	14	84	82	10	97	99	76	54	65	37	19	17	78	5	26	38	15	46	68	83	49	59	16	50	18	7	29	88	67
17	33	25	77	46	84	13	35	27	95	68	10	59	4	41	22	42	52	16	51	6	9	91	14	32	83	74	11	66	54	39	85	92	99	71	89	79	45	86	60	26	58	23	90	19	2	56	81	5	12	28	30	44	20	48	64	38	3	57	80	37	40	67	98	29	76	72	21	94	31	70	82	43	50	88	96	62	100	78	75	36	97	93	61	34	7	49	87	53	73	24	63	8	55	65	15	69	47	1	18
92	49	35	59	98	55	4	28	87	15	52	22	83	81	65	14	72	20	75	57	93	30	34	10	64	90	77	45	6	76	99	61	82	74	32	33	1	2	94	37	86	66	42	69	79	18	39	60	19	84	73	89	25	85	7	17	3	50	68	43	9	44	27	31	26	13	100	24	53	56	58	23	38	11	12	67	91	47	21	8	70	97	41	63	96	95	46	88	36	16	51	80	40	5	29	54	48	62	71	78
52	91	2	57	63	43	74	56	37	60	81	45	31	62	99	88	32	49	16	100	70	64	40	90	82	9	27	6	80	42	1	26	44	18	67	4	35	24	95	50	83	12	93	41	54	78	38	94	87	92	11	14	36	96	47	33	68	85	66	65	79	30	59	23	25	89	28	29	76	15	22	46	20	53	84	72	55	7	97	3	51	17	75	71	13	77	5	34	19	48	61	73	69	8	86	58	21	39	10	98
20	88	4	12	38	54	93	42	87	8	24	65	10	82	86	74	43	64	9	7	59	96	67	62	5	61	57	41	18	68	37	46	44	49	50	92	27	56	66	28	14	22	29	81	99	52	35	78	71	34	1	31	17	40	70	77	32	25	72	75	89	94	33	26	58	16	6	55	21	53	15	47	80	11	45	51	84	48	73	23	76	63	30	36	39	3	13	100	60	85	69	98	95	97	90	91	79	19	83	2
62	69	96	31	88	97	71	29	64	82	85	90	86	53	63	99	17	42	10	12	13	24	11	80	2	100	77	93	48	35	14	15	26	33	52	60	32	75	67	79	91	30	70	45	73	43	54	98	51	44	76	56	55	47	46	81	18	5	58	21	34	74	25	16	87	95	23	28	72	8	59	9	92	57	40	38	20	89	78	27	41	84	61	65	68	19	50	36	66	37	22	83	49	4	3	94	7	1	6	39
22	49	43	28	45	6	29	60	23	81	14	10	18	63	64	24	33	86	98	75	48	59	54	46	50	5	35	55	20	16	99	17	44	36	9	67	97	87	42	73	83	80	92	40	69	70	79	57	31	2	41	77	52	90	32	30	12	72	8	62	65	56	15	19	11	100	94	51	78	13	58	25	89	91	76	4	93	53	96	34	7	47	26	85	95	66	21	82	1	39	61	38	88	37	71	74	68	3	84	27
71	75	97	41	43	44	20	31	74	99	64	30	11	2	18	59	17	19	9	61	57	55	38	95	42	85	35	77	90	69	58	13	53	98	54	76	16	47	10	63	7	91	40	79	96	45	60	51	88	66	82	25	50	83	39	70	87	78	84	37	8	4	21	100	48	24	36	67	80	22	52	68	6	33	1	56	32	5	49	23	73	15	93	26	3	34	46	65	89	81	92	86	14	29	62	12	28	72	27	94
17	35	95	27	63	19	13	29	34	5	50	44	30	83	93	1	64	41	25	12	32	100	2	21	7	51	53	97	57	62	87	56	88	4	36	58	68	67	20	48	99	75	37	98	11	31	6	55	70	89	59	43	28	15	49	94	23	16	78	73	47	92	14	80	74	10	18	81	84	96	52	91	46	90	79	3	72	77	33	54	65	39	86	69	61	26	76	71	82	9	85	45	8	60	38	24	42	66	22	40
42	89	73	71	78	97	8	85	88	68	70	53	12	5	83	18	79	74	94	43	55	69	95	96	100	15	87	27	56	50	61	25	77	52	58	60	39	1	34	6	81	21	19	17	33	2	75	80	40	64	30	72	98	28	22	14	32	76	24	4	99	41	36	9	67	93	45	13	48	59	65	26	11	51	29	10	16	44	84	37	57	47	82	63	23	3	66	7	31	92	20	38	49	91	54	90	46	86	62	35
88	14	64	61	38	22	83	2	98	3	60	57	66	94	27	10	97	23	33	90	30	9	78	87	36	37	100	69	77	53	46	71	56	96	85	42	74	18	35	28	12	15	79	72	40	13	73	95	17	1	75	55	41	52	19	82	50	16	67	43	21	11	92	26	5	51	45	62	48	29	4	54	84	58	34	93	20	39	65	49	24	81	68	31	6	47	59	91	44	8	80	25	7	89	63	70	86	99	32	76
14	1	27	42	38	35	54	22	67	93	85	83	47	34	100	46	29	41	77	68	70	8	96	69	9	50	13	97	19	10	78	65	66	59	32	20	2	6	56	75	51	31	76	53	90	79	36	44	30	48	91	60	80	15	55	61	11	18	5	98	82	86	43	58	16	37	92	74	81	89	12	24	33	26	23	73	49	87	39	28	84	4	88	99	64	72	94	3	25	17	40	71	57	7	63	95	21	45	52	62
45	41	66	35	90	81	72	76	95	68	84	100	94	86	51	40	13	42	61	21	31	78	23	48	55	43	67	25	37	38	77	87	29	50	75	28	7	20	74	36	5	27	33	99	10	2	17	32	64	85	96	71	26	15	47	52	58	14	80	16	92	49	3	57	44	46	53	70	24	97	19	93	6	82	12	54	34	65	22	4	91	69	73	59	9	18	56	83	1	88	11	62	39	79	60	30	89	98	8	63
96	31	99	62	6	81	35	3	55	40	2	15	18	65	75	26	94	36	63	47	50	14	67	73	56	52	21	9	90	28	91	72	64	37	88	24	87	30	78	82	60	32	8	58	44	71	49	5	17	66	22	34	68	10	86	42	79	85	98	46	48	38	13	7	77	20	70	27	76	23	25	61	95	43	39	16	19	92	83	33	54	29	1	80	93	11	89	57	51	84	41	45	69	97	74	100	59	12	4	53
4	28	71	8	97	86	68	47	87	16	33	24	89	19	53	14	48	82	9	29	72	30	6	93	52	90	26	58	50	100	88	27	1	45	95	92	64	41	12	13	15	51	74	77	63	66	62	73	22	91	2	43	25	98	69	94	40	42	49	57	37	39	31	75	99	65	18	78	56	5	35	34	7	55	21	11	38	32	76	3	70	83	61	67	79	96	59	60	85	23	46	81	54	44	17	84	10	20	80	36
5	24	72	38	61	82	6	48	92	23	59	13	28	56	60	27	33	84	4	96	74	97	8	81	68	100	63	58	11	55	31	79	69	40	47	26	52	98	65	10	64	20	3	39	44	1	71	66	7	85	30	78	91	83	35	9	95	51	88	89	80	32	87	50	19	29	99	45	53	62	75	2	90	21	67	14	77	49	43	18	25	36	70	34	15	22	93	16	73	54	37	17	86	12	41	57	46	94	42	76
87	20	88	78	11	90	13	79	84	70	3	65	45	69	94	6	46	33	10	85	15	44	4	60	80	74	73	92	16	95	93	91	24	77	71	50	40	48	43	76	59	42	7	27	96	41	97	32	98	30	82	17	26	51	18	49	5	89	9	72	29	57	54	37	28	47	62	23	39	81	63	53	1	31	55	25	14	36	64	68	19	99	61	12	58	100	56	86	22	83	67	8	34	75	2	52	38	35	66	21
53	70	79	12	3	95	72	22	20	32	5	8	61	99	80	51	44	56	4	48	13	23	63	93	64	6	19	81	49	31	86	28	85	39	94	71	7	76	1	83	36	65	43	34	59	60	82	55	46	30	42	50	87	33	58	26	69	90	57	78	54	15	88	68	27	16	77	52	47	75	45	21	74	35	100	37	9	91	66	25	73	24	2	29	92	14	17	18	40	97	84	98	41	89	10	11	62	38	67	96
56	81	63	55	66	59	91	98	43	31	83	6	90	39	38	29	60	47	13	48	93	15	86	50	11	25	70	19	3	57	79	37	52	51	84	12	33	28	41	18	10	65	96	87	67	80	46	78	35	7	85	23	14	95	54	32	49	77	53	61	1	44	100	71	17	42	68	22	26	72	36	4	74	62	58	89	9	69	45	97	34	75	2	82	92	99	88	21	76	64	94	5	16	73	40	30	27	24	20	8
16	54	12	66	79	58	41	72	24	11	2	40	69	45	31	73	87	29	50	25	95	93	57	49	3	96	97	4	33	74	13	48	28	85	84	86	39	65	46	10	68	1	94	76	63	89	98	82	14	78	52	21	34	43	26	23	27	53	51	47	37	64	22	42	44	8	91	90	17	59	15	30	5	36	60	35	88	38	92	83	61	71	20	100	18	80	99	70	81	55	6	32	56	77	62	9	67	7	19	75
99	12	92	91	59	20	56	76	90	55	1	82	6	16	17	50	85	25	34	87	10	35	7	52	43	41	53	14	5	49	2	23	18	89	33	67	29	80	15	86	3	42	28	84	40	27	66	64	61	19	54	78	21	45	94	77	57	62	98	47	30	96	95	38	100	83	26	70	39	32	9	48	79	44	13	81	24	65	88	36	22	58	60	72	4	93	63	11	74	37	75	69	31	73	46	68	71	97	8	51
85	67	35	21	2	97	92	5	54	23	61	91	62	63	4	72	88	48	93	30	11	3	37	51	26	28	17	40	81	77	64	19	57	59	22	82	86	43	46	6	50	68	12	10	31	96	33	16	52	8	41	79	75	13	99	25	71	95	34	55	84	15	70	45	89	73	27	76	53	78	32	36	47	80	74	69	60	100	65	24	87	38	42	1	44	7	98	56	29	18	58	9	39	49	14	20	66	94	90	83
29	11	3	89	88	81	39	86	57	30	37	50	13	38	25	78	58	96	27	10	63	94	22	77	80	8	46	55	42	4	43	44	47	48	56	32	26	16	73	91	79	74	52	69	65	40	92	97	62	24	75	1	21	15	33	5	36	70	23	60	59	9	98	95	71	41	14	12	45	76	85	6	49	100	90	7	54	99	61	20	18	68	17	35	67	34	87	83	82	53	93	31	2	64	66	28	72	51	19	84
28	41	56	66	43	9	4	27	87	1	2	86	26	48	34	8	57	98	76	10	18	64	23	72	94	79	5	31	3	16	21	45	93	55	65	68	36	59	51	71	19	83	24	39	47	69	100	42	61	40	58	80	90	17	12	29	77	97	70	73	14	84	37	67	92	85	81	32	15	96	91	63	25	49	75	46	22	38	50	89	54	78	6	95	13	74	52	60	82	11	88	33	53	35	7	30	99	62	44	20
19	86	37	60	25	7	51	88	54	74	9	85	52	81	6	63	2	84	73	55	90	11	28	96	98	8	21	48	97	4	50	94	59	44	41	12	70	93	24	76	42	15	38	69	40	82	43	20	39	57	5	23	30	16	10	66	71	47	22	13	31	56	29	78	1	95	87	14	99	62	79	91	27	33	68	46	83	32	65	100	34	53	61	26	18	36	75	17	77	72	58	80	49	67	35	92	64	89	3	45
15	87	90	18	5	45	48	37	41	83	36	13	94	62	78	20	50	67	52	7	73	21	77	39	33	55	85	54	64	80	1	43	71	81	68	35	31	17	23	6	98	28	92	100	65	59	3	57	46	63	84	61	22	97	58	11	95	30	91	47	4	93	29	14	25	16	72	9	49	38	40	42	79	12	76	69	34	89	26	24	32	82	53	60	8	51	66	96	75	2	56	44	74	19	27	88	10	99	86	70
1	98	60	92	71	29	18	99	49	2	96	34	4	39	27	88	55	13	8	33	25	20	53	48	57	28	54	36	97	7	66	91	41	68	62	90	100	69	94	51	31	79	59	32	43	78	87	65	82	16	67	5	22	10	86	74	81	52	95	15	3	23	6	77	73	30	80	76	75	17	85	89	70	38	72	26	19	11	64	42	14	40	44	24	45	56	58	35	84	21	12	93	46	63	50	83	61	47	37	9
23	65	96	91	53	12	50	9	26	21	5	70	99	61	51	94	19	56	62	15	14	35	31	45	97	80	32	20	60	4	100	49	58	3	63	67	43	41	16	46	76	75	83	98	73	79	30	57	84	38	82	8	72	36	86	54	18	24	69	17	37	52	92	2	34	95	59	40	39	66	81	27	33	6	44	78	85	11	77	47	87	1	7	22	88	25	29	64	89	90	48	13	71	93	68	10	74	55	42	28
74	28	36	50	40	54	45	14	68	92	44	43	48	2	85	25	66	60	88	73	65	37	97	53	10	69	26	67	70	11	63	6	64	22	47	84	30	76	46	23	33	99	3	86	83	77	1	59	55	61	93	15	56	98	79	90	34	80	4	35	31	78	89	57	91	96	75	8	21	16	32	81	87	20	41	49	51	24	29	39	100	7	52	42	5	17	13	72	38	19	27	12	18	62	82	9	71	58	95	94
10	51	4	26	78	53	87	37	100	86	29	72	42	45	40	8	91	92	15	9	58	76	34	74	95	23	32	85	68	65	46	69	36	82	57	77	1	7	31	22	83	88	33	73	61	54	71	38	62	79	19	98	80	94	47	48	44	30	70	93	18	64	2	17	3	90	16	12	41	14	20	24	60	49	56	5	25	28	96	75	35	21	50	81	39	59	55	6	84	63	89	52	99	11	67	97	43	13	27	66
38	94	40	15	44	67	28	9	10	84	74	89	8	71	70	60	95	82	31	12	59	91	17	29	35	79	14	56	76	62	42	83	63	100	41	80	3	39	86	51	36	53	85	57	33	64	93	46	20	16	73	26	69	81	50	4	48	30	2	88	1	87	22	66	47	52	7	45	98	99	55	23	77	65	90	97	43	13	37	72	75	5	19	92	32	24	27	58	68	61	11	6	18	25	34	96	54	78	21	49
74	55	13	33	42	81	41	25	80	83	88	93	53	43	4	21	36	6	30	62	90	58	100	15	12	67	31	82	64	39	89	63	1	34	76	49	38	29	9	65	5	44	86	48	61	73	87	27	23	24	19	54	8	97	68	46	95	78	47	26	18	35	10	22	20	37	85	84	32	59	40	50	92	70	96	52	57	11	71	69	99	45	98	56	14	91	7	72	77	60	28	94	16	51	2	66	79	75	17	3
73	94	89	84	48	32	96	33	76	46	88	97	25	27	20	83	28	57	2	71	100	12	63	38	34	62	67	55	61	43	7	22	4	50	59	41	99	35	64	72	11	37	90	60	5	66	58	15	45	9	17	51	87	23	77	92	40	1	19	13	91	24	30	42	6	65	98	8	79	49	69	93	86	52	85	26	16	54	44	74	47	36	75	10	70	78	81	39	31	29	14	82	53	56	3	80	68	95	21	18
73	93	2	98	20	80	65	91	50	9	14	32	61	38	8	67	81	1	10	100	63	31	42	74	52	48	68	13	62	24	54	30	64	99	51	95	88	69	56	46	53	83	22	92	55	40	26	45	82	47	96	34	72	28	84	78	66	85	37	44	27	3	94	77	86	43	59	12	33	79	7	76	57	23	4	36	11	29	41	60	19	18	21	70	16	6	90	49	71	39	5	87	58	89	35	97	17	15	25	75
22	4	18	86	8	49	10	1	21	55	47	31	6	91	99	40	93	13	76	98	7	88	73	16	42	34	46	36	89	43	17	48	2	66	87	69	38	75	72	94	25	52	54	65	32	60	80	92	61	64	95	57	78	96	27	26	62	90	15	58	28	82	37	3	79	71	20	33	5	81	29	14	9	44	63	41	45	35	59	67	70	12	11	56	53	84	77	23	39	51	19	97	24	85	83	68	30	74	50	100
6	34	91	20	50	13	69	10	39	73	100	8	7	19	82	80	1	35	70	53	94	57	64	25	84	92	74	52	2	28	26	51	44	61	43	67	12	18	48	38	3	9	98	71	95	97	31	54	59	62	46	87	85	17	76	99	32	86	42	33	27	47	78	75	83	63	40	23	29	24	88	79	4	41	66	90	37	30	93	60	96	22	55	15	65	5	16	68	89	58	14	21	72	77	56	36	45	81	49	11
13	9	66	18	82	88	89	7	98	78	32	76	60	63	59	71	83	55	41	51	14	44	91	24	69	43	70	17	74	19	72	37	57	92	1	65	42	20	39	12	68	27	77	100	33	34	6	40	94	23	15	97	62	93	28	67	38	86	22	11	45	54	79	3	52	36	49	64	96	2	84	48	53	25	58	50	87	99	85	29	35	56	31	73	16	4	95	61	30	47	8	81	46	5	21	90	80	10	26	75
13	55	28	29	38	48	92	82	86	60	47	19	24	51	42	31	95	30	39	5	89	54	20	75	94	87	98	46	34	99	59	25	6	7	64	96	63	9	84	15	12	93	80	33	77	73	2	67	62	68	16	71	66	57	56	36	83	65	91	45	76	78	70	90	100	8	18	58	79	32	50	23	43	3	85	22	10	35	27	88	1	72	17	26	41	4	69	37	81	97	49	14	11	53	52	61	21	40	44	74
93	68	11	64	99	44	55	33	78	36	19	58	85	67	53	54	20	98	50	83	8	10	88	70	25	16	24	35	97	12	22	79	57	32	56	59	52	76	71	43	28	49	40	94	7	96	45	63	51	41	38	34	3	47	73	18	69	72	65	30	95	66	86	14	27	74	26	42	89	61	5	9	62	6	77	84	60	39	90	48	81	37	91	46	23	100	1	87	2	13	82	15	21	92	80	4	31	29	17	75
11	32	53	6	10	65	28	3	20	43	54	60	44	76	95	13	4	81	79	33	18	37	39	17	88	73	74	57	36	40	24	68	89	58	19	78	66	15	8	72	85	1	80	2	59	92	47	26	64	63	22	97	100	16	55	87	98	90	41	7	84	70	30	56	51	48	42	35	96	61	21	38	82	91	5	83	77	45	34	86	23	29	27	49	14	71	12	99	31	75	69	62	9	94	46	50	67	93	25	52
13	66	31	73	92	9	48	6	39	45	76	79	44	62	17	16	29	86	74	36	23	21	26	70	51	72	52	32	100	3	57	94	80	41	15	37	50	69	2	33	75	96	58	12	20	42	59	55	8	81	98	22	82	60	35	24	30	4	83	65	34	93	7	40	84	61	38	89	28	91	85	18	47	67	27	77	90	68	63	87	11	43	64	56	53	1	97	25	95	88	99	5	54	46	10	49	14	78	19	71
81	96	21	23	95	31	10	94	80	16	66	26	69	9	18	97	55	20	50	56	51	47	33	58	62	88	19	82	93	63	12	8	83	22	84	45	39	90	87	43	92	29	98	71	75	7	42	79	53	70	13	74	41	32	91	60	54	78	4	49	38	68	36	30	61	100	17	1	34	37	85	11	65	57	52	15	99	28	35	64	72	67	77	86	40	6	73	14	25	3	27	59	24	44	2	48	5	76	89	46
41	90	86	12	3	54	80	34	37	72	46	9	32	30	83	84	81	11	75	38	33	39	73	57	78	21	77	29	16	98	97	70	17	15	64	55	6	76	59	66	69	91	63	62	8	51	19	45	100	22	25	40	13	82	4	68	20	5	79	48	31	95	49	14	87	88	56	43	44	85	65	67	61	18	28	26	36	1	94	42	52	24	2	7	99	23	89	93	74	10	96	50	27	53	47	35	92	58	60	71
73	68	71	12	20	91	95	39	2	50	72	66	59	21	53	79	48	15	38	30	97	41	23	87	67	78	85	7	64	45	51	96	94	58	55	88	27	29	76	6	28	80	34	46	5	9	19	100	3	54	84	18	40	92	37	8	62	33	75	36	10	65	86	24	42	16	14	60	74	31	35	90	81	98	43	22	32	49	1	99	82	26	17	83	52	57	89	63	61	11	13	47	56	70	25	93	44	69	77	4
10	19	67	22	54	13	89	39	90	45	58	4	31	38	82	1	86	24	40	95	12	68	59	36	78	93	30	57	27	80	84	33	50	47	71	15	77	3	75	43	29	21	46	85	23	72	83	52	97	61	9	88	65	26	91	70	74	98	76	92	66	11	60	8	25	44	18	7	28	94	42	81	17	100	6	20	2	55	73	49	79	37	5	69	41	56	96	16	87	62	63	64	35	34	48	14	51	99	53	32
70	82	37	86	65	43	1	96	90	75	55	49	84	53	31	23	34	72	21	27	41	66	20	45	18	8	60	63	79	4	38	9	58	19	33	35	93	97	5	50	52	78	10	62	94	46	61	16	85	47	80	59	28	24	76	91	26	99	11	95	22	48	73	98	92	30	40	74	29	69	64	71	68	39	87	89	100	32	6	42	25	56	17	51	81	14	57	67	2	83	7	77	44	13	15	54	36	12	88	3
1	6	45	54	32	36	90	74	57	53	21	89	67	35	64	81	27	56	78	33	79	91	77	28	96	83	48	66	44	95	39	41	37	5	55	4	22	42	94	20	97	50	15	19	46	24	70	84	71	60	11	34	47	29	88	49	80	26	73	14	18	68	10	40	43	7	72	30	13	31	87	8	85	12	75	9	2	62	76	65	16	58	59	23	99	69	93	51	98	86	100	61	38	92	17	82	25	52	3	63
39	31	98	60	24	8	74	44	33	42	4	6	52	100	63	84	2	77	64	97	22	86	99	25	54	12	5	11	59	14	85	50	82	76	35	43	92	55	9	72	71	15	30	87	62	61	58	36	46	7	26	79	41	47	69	23	37	56	19	93	10	29	70	78	3	32	51	16	45	1	91	28	88	94	40	49	81	34	27	89	68	48	21	75	73	65	20	18	38	17	96	13	66	90	57	53	80	67	95	83
63	41	70	80	42	58	33	28	79	3	4	17	88	74	25	73	9	86	38	71	68	52	36	62	30	84	16	2	61	57	7	93	27	10	83	56	50	44	77	65	53	89	60	69	15	40	67	96	72	95	24	13	91	29	5	98	51	100	20	34	12	21	1	97	11	90	87	37	99	45	78	23	49	46	64	48	92	32	85	94	39	82	66	55	47	26	35	76	75	6	18	22	81	8	14	59	43	19	31	54
41	16	63	26	6	95	20	2	97	60	100	96	52	87	35	56	13	81	31	7	62	73	21	1	19	89	36	45	43	32	82	55	79	37	92	77	39	10	48	76	54	12	40	49	69	91	65	74	23	59	94	50	71	29	90	42	88	14	25	8	22	72	18	51	99	53	57	66	78	93	33	24	5	75	38	86	44	64	15	4	3	85	9	80	98	47	27	58	67	28	83	70	34	84	46	11	61	68	30	17
86	31	81	100	93	87	5	6	10	74	8	29	71	66	78	67	85	18	21	1	34	44	98	38	57	43	12	68	40	62	39	50	53	55	7	11	9	27	58	41	63	30	2	95	46	37	88	16	70	36	96	52	56	42	49	79	69	82	89	77	20	45	14	94	84	97	65	3	33	99	59	26	73	19	75	60	91	35	80	32	25	22	54	23	64	72	28	90	92	13	51	48	76	47	61	17	24	4	15	83
9	94	8	51	14	96	60	5	84	90	22	28	42	17	15	12	25	21	32	74	100	31	1	36	52	19	68	93	61	34	10	71	76	40	30	56	35	89	79	95	81	58	98	69	39	54	48	88	18	99	97	4	53	11	47	45	59	82	86	7	2	38	87	55	29	73	37	41	83	70	50	57	26	66	23	3	24	13	43	63	80	67	62	46	85	33	78	6	27	20	91	49	44	16	92	64	72	77	75	65
14	87	19	97	61	56	35	63	53	85	45	21	91	83	17	67	41	72	32	77	82	39	30	11	51	9	73	84	58	1	26	34	66	40	59	95	75	68	38	54	23	81	27	89	22	50	79	18	57	96	62	24	10	43	71	33	64	49	13	48	52	65	15	94	55	20	69	8	86	25	92	100	93	98	7	99	47	90	80	12	2	42	46	6	88	78	28	37	3	36	16	76	74	31	60	4	70	29	44	5
2	8	56	68	52	25	84	5	7	98	14	48	26	74	32	89	10	63	43	86	34	59	81	88	17	100	28	44	61	30	46	93	24	45	6	37	82	76	70	77	69	90	53	64	19	27	41	4	12	39	31	73	79	38	72	67	95	1	18	22	49	65	85	60	47	71	40	97	55	21	20	35	54	16	29	58	62	99	94	87	57	83	15	33	91	50	75	51	23	36	42	78	13	9	92	3	80	11	66	96
7	81	79	55	53	73	50	87	63	68	22	54	67	30	15	93	56	12	90	35	27	17	57	71	64	4	51	100	48	6	16	66	95	61	78	69	75	74	70	88	92	41	99	72	42	96	25	46	80	58	29	21	34	52	59	40	2	45	11	10	9	84	49	24	37	91	94	39	98	85	28	38	89	44	76	14	26	36	8	13	82	97	23	5	1	31	18	19	86	65	33	20	47	83	3	62	77	43	60	32
2	22	29	72	82	63	95	58	33	43	56	53	26	97	64	35	69	91	76	52	75	1	92	8	7	5	44	15	62	85	30	65	55	4	19	23	90	40	57	66	18	31	87	86	77	6	34	32	93	45	3	84	81	68	28	54	89	49	25	21	79	20	27	10	24	47	16	98	61	71	9	67	36	41	88	78	39	99	96	74	73	14	17	37	48	83	46	59	70	11	42	80	60	12	51	38	13	94	50	100
75	79	38	20	35	11	95	97	16	9	6	27	80	76	100	32	74	52	54	66	60	3	22	15	92	1	58	23	56	36	48	59	41	33	62	43	67	86	19	45	10	14	63	7	37	84	61	31	49	83	69	57	65	68	28	82	24	18	87	70	90	5	47	78	85	21	50	81	93	98	73	12	99	51	29	89	91	53	17	40	39	34	77	42	26	8	88	94	44	13	2	72	30	71	64	46	25	96	4	55
81	50	27	93	51	75	8	41	70	14	18	83	98	73	61	56	85	76	29	84	96	33	91	28	90	23	4	21	64	30	52	54	77	48	45	38	57	5	37	7	78	22	99	2	13	89	58	15	17	25	66	44	55	63	12	65	31	62	67	60	74	35	53	34	97	1	26	95	100	72	24	6	10	19	71	49	43	32	79	11	69	59	94	16	82	86	92	87	42	88	46	36	39	47	40	3	80	9	68	20
44	45	59	9	76	92	49	71	47	95	100	32	54	1	37	18	91	27	61	33	31	64	80	74	34	53	90	43	16	86	35	14	65	11	84	20	56	55	52	77	21	97	30	17	25	22	98	99	58	8	79	40	2	70	89	57	10	48	68	29	63	62	96	19	42	73	81	46	3	94	72	5	6	93	78	13	50	69	85	88	41	24	36	4	67	23	75	87	66	28	39	51	60	7	12	82	83	38	15	26
8	4	76	89	84	83	18	49	27	38	80	70	36	14	96	82	74	20	64	72	46	45	65	12	94	42	92	39	47	11	51	31	86	48	63	34	68	37	13	40	61	99	17	6	87	53	56	55	85	71	81	97	41	44	91	15	95	9	59	52	16	19	93	30	67	24	90	23	5	62	43	69	66	100	77	10	73	78	29	7	3	28	88	21	98	58	79	33	75	54	32	1	25	2	57	50	35	26	22	60
24	95	15	68	36	73	100	30	17	80	63	46	25	92	98	55	8	33	5	60	12	77	9	45	35	62	87	69	76	49	74	93	44	81	54	89	21	13	51	88	23	38	1	14	99	48	71	22	97	29	61	32	16	56	58	7	27	10	94	86	31	34	91	66	83	43	75	65	3	53	4	84	79	42	96	59	90	11	70	82	40	41	28	19	85	57	72	6	20	39	37	18	78	26	2	67	52	50	64	47
83	85	24	91	5	22	58	49	32	31	76	30	48	61	13	64	70	16	53	11	15	86	38	88	41	100	45	82	34	28	73	29	66	44	62	12	23	84	99	93	96	90	97	39	42	25	10	20	55	18	98	81	7	89	65	94	21	17	74	67	69	6	27	63	33	19	77	14	51	78	92	3	60	9	26	87	80	72	79	2	36	46	37	54	1	59	8	40	71	56	75	95	4	50	47	35	57	52	68	43
63	92	82	33	76	49	3	6	7	72	98	87	29	44	32	25	27	20	58	19	11	62	74	64	18	47	26	5	15	13	36	65	71	50	77	81	38	2	84	75	88	10	95	94	78	52	51	31	55	93	83	21	40	35	37	1	43	61	42	57	28	85	8	79	48	56	46	90	12	24	86	39	4	69	73	34	17	59	60	99	68	54	53	41	100	91	45	80	97	22	16	14	67	89	66	70	96	30	23	9
52	70	35	76	87	96	15	50	97	93	4	73	62	24	71	21	19	98	61	12	80	99	1	2	29	37	92	79	90	16	34	7	74	48	3	65	54	60	100	53	72	69	86	68	17	83	36	56	44	82	47	84	64	57	20	46	30	45	59	23	18	49	6	26	33	43	39	5	32	88	78	85	66	91	94	38	55	42	25	75	8	63	89	81	9	22	77	40	28	51	11	41	10	31	27	67	58	95	14	13
42	20	86	19	99	66	54	84	97	15	29	50	62	6	46	40	21	93	63	67	41	4	14	24	37	98	91	88	22	45	25	89	55	51	28	57	26	12	5	79	81	65	10	39	96	69	90	71	48	58	33	72	35	38	8	47	70	36	83	95	61	78	68	75	13	85	2	31	76	53	80	87	30	7	34	74	44	64	52	23	17	3	49	32	92	27	60	77	1	11	94	56	73	9	100	59	43	16	82	18
87	92	53	96	61	48	66	36	54	46	62	37	19	67	23	32	68	71	91	29	86	83	21	49	73	89	11	43	84	8	27	34	18	58	70	90	100	56	14	13	25	82	4	35	98	75	74	2	64	31	69	51	60	45	85	95	3	47	72	52	77	80	41	88	50	10	57	26	16	17	65	39	76	6	55	97	33	79	78	22	42	7	28	5	1	12	30	20	44	24	99	94	63	59	38	9	40	15	81	93
32	89	43	82	54	66	18	21	49	91	77	69	53	61	81	38	55	72	26	36	64	1	85	56	39	3	16	87	97	48	86	13	79	35	27	70	34	45	50	98	95	73	90	25	9	23	75	59	12	99	62	84	10	37	74	14	28	80	63	93	5	22	2	20	96	7	15	40	76	29	57	78	6	71	17	19	65	92	11	100	41	46	68	24	51	31	88	60	83	4	42	44	33	67	8	52	30	47	94	58
41	85	28	90	2	98	67	77	27	81	47	32	99	73	72	35	88	65	79	45	68	92	43	21	53	24	70	95	58	69	52	26	50	55	51	11	13	80	48	100	49	18	59	63	56	7	96	38	46	34	86	33	39	97	37	91	3	23	82	10	30	42	94	4	1	40	62	19	5	6	12	75	54	14	57	8	83	44	36	84	29	22	17	61	89	66	93	9	64	76	16	78	87	15	74	20	25	71	31	60
55	99	70	40	62	15	46	77	96	91	32	22	59	41	36	25	5	67	68	34	30	97	66	88	48	10	31	71	79	28	13	63	50	92	95	12	11	86	35	100	26	84	27	51	83	54	16	49	98	39	69	87	2	78	43	7	93	33	53	38	3	45	72	90	81	85	61	57	1	47	4	23	42	82	52	17	80	60	9	58	64	73	8	56	14	18	94	76	21	29	6	65	74	20	44	75	89	19	24	37
50	96	7	60	11	61	13	38	21	10	65	72	59	88	66	62	85	45	26	31	67	93	75	95	20	24	40	46	48	23	71	83	28	51	89	25	36	86	6	90	5	32	8	54	70	100	69	73	19	80	30	77	29	35	58	3	92	34	44	41	55	37	33	84	12	74	57	94	16	9	99	4	63	98	43	2	53	39	68	56	49	76	97	18	1	81	79	42	22	52	64	17	91	14	87	78	82	47	15	27
66	62	89	65	42	25	91	55	27	96	54	93	68	7	60	14	78	74	8	79	32	80	29	77	64	28	20	12	36	61	43	57	56	100	16	47	22	67	18	50	3	69	92	21	19	81	23	59	10	11	51	37	26	30	38	87	88	34	70	41	99	52	5	73	86	98	95	82	85	49	13	46	44	58	75	33	72	71	24	40	63	31	97	94	15	17	45	6	35	76	39	9	2	90	48	83	1	53	84	4
91	76	92	32	53	69	1	46	5	96	63	13	15	72	85	58	45	93	34	29	86	77	41	84	99	37	60	57	48	28	98	64	22	9	40	25	7	74	79	8	30	80	17	2	55	62	78	36	70	88	83	50	97	26	49	75	95	66	81	35	43	73	44	4	10	61	24	20	16	18	6	47	27	38	87	3	82	67	21	90	54	59	94	23	39	14	65	71	31	68	56	100	19	42	33	52	51	89	11	12
36	22	89	92	81	37	84	59	68	98	14	80	29	16	70	55	45	41	11	30	88	23	17	38	82	96	42	8	39	19	28	56	12	9	5	6	46	62	21	25	33	64	20	87	13	99	40	86	54	90	44	48	4	1	91	31	78	74	15	52	24	49	51	72	53	76	57	73	100	79	83	3	26	85	71	67	77	66	10	65	7	69	43	47	93	2	61	27	94	18	35	97	34	60	58	32	63	75	50	95
96	66	39	73	51	30	43	20	71	23	37	57	77	18	63	56	74	52	92	62	70	78	6	60	34	21	55	94	8	46	24	50	22	89	41	87	72	27	26	40	79	32	93	82	14	75	16	98	10	25	31	61	100	1	5	13	83	58	54	95	53	90	33	67	11	29	68	65	45	44	88	28	17	47	69	84	9	97	4	2	42	81	12	76	80	38	59	3	91	7	99	64	36	85	86	15	48	35	19	49
94	43	89	84	66	10	5	72	45	90	37	74	30	42	24	49	93	33	71	22	51	77	17	50	12	99	68	46	3	57	95	29	83	19	91	100	81	26	4	1	65	38	16	53	11	54	14	78	70	6	48	92	86	34	18	28	21	41	88	59	2	8	62	47	52	82	75	79	15	85	55	98	44	39	35	31	13	27	40	32	36	64	23	69	67	9	80	73	63	60	76	97	7	56	96	25	61	20	87	58
37	76	64	66	34	8	47	83	53	74	25	77	29	31	96	10	93	56	61	63	90	69	49	26	55	44	57	67	84	45	9	22	28	81	18	13	88	11	71	39	40	85	65	19	52	42	30	3	75	99	24	54	12	82	92	1	32	78	48	59	4	86	14	58	16	36	68	46	2	35	21	98	94	62	97	23	70	51	17	100	91	80	27	7	6	87	73	20	50	89	95	15	33	72	60	41	79	38	43	5
23	79	25	99	70	36	55	77	16	49	46	11	71	4	59	29	37	40	43	81	64	62	22	24	57	82	35	8	74	100	98	63	12	32	92	19	97	2	53	95	21	50	73	6	30	54	39	56	84	87	60	90	66	45	78	83	28	65	61	5	1	34	18	72	96	13	94	89	69	7	93	3	67	38	44	26	58	91	15	68	17	51	41	88	86	14	20	47	52	31	85	80	9	75	76	10	33	42	48	27
92	81	43	55	34	58	97	91	38	45	57	77	51	6	89	70	85	64	62	47	46	75	72	37	27	18	9	29	14	22	23	69	15	7	35	48	52	93	2	82	32	79	36	56	87	66	65	63	11	3	13	12	61	83	5	94	73	95	99	90	54	28	19	42	24	10	4	60	84	33	17	74	100	68	44	50	49	26	1	25	76	40	96	78	80	39	30	41	21	20	98	59	8	53	67	16	71	86	31	88
76	14	59	15	98	65	100	5	69	40	91	86	87	31	71	95	53	7	80	10	57	67	48	83	37	62	60	44	73	64	41	22	94	89	16	77	26	88	6	12	25	72	1	61	43	52	84	92	63	35	3	58	18	8	75	42	17	99	29	47	70	28	27	66	9	55	54	46	45	38	93	78	56	82	34	51	30	96	2	49	90	68	20	50	19	33	21	36	39	79	32	24	11	4	23	97	81	85	13	74
93	40	18	22	67	11	9	14	76	43	42	82	86	53	60	28	78	32	66	95	97	57	20	45	99	4	6	7	38	68	69	2	71	98	75	27	77	36	10	26	50	46	48	47	74	59	80	24	1	100	73	83	92	84	94	39	30	25	23	15	96	17	34	72	85	70	55	33	19	35	51	81	29	62	3	64	58	52	21	54	31	49	88	8	12	44	65	63	79	5	16	87	90	41	56	91	89	61	13	37
61	68	46	91	79	35	83	44	39	71	2	90	89	4	67	21	59	45	22	3	80	97	100	43	15	18	75	96	33	5	94	58	42	86	36	38	6	78	73	37	1	51	85	31	56	93	98	92	49	17	47	64	81	95	88	23	76	25	60	62	20	34	24	74	30	57	19	82	70	26	48	65	87	27	16	54	13	11	29	63	77	84	66	40	14	28	53	52	7	99	72	55	69	50	10	41	8	12	9	32
78	28	84	37	60	86	3	7	56	89	74	51	14	62	17	58	83	61	42	8	16	31	88	40	41	49	87	2	97	71	95	11	100	5	99	55	1	57	93	47	52	50	80	72	4	69	94	59	79	64	98	81	24	10	34	90	9	18	36	82	45	67	20	96	23	6	65	22	76	44	73	25	12	26	92	53	54	32	27	43	46	75	33	68	35	77	63	85	48	70	38	66	21	39	15	30	91	13	29	19
53	80	44	59	49	96	3	28	83	55	99	38	57	30	41	10	76	36	84	23	69	22	68	71	92	19	34	97	81	73	70	52	40	63	48	37	5	82	94	20	25	42	85	93	51	60	64	13	95	7	15	45	21	31	66	72	4	50	29	8	43	62	26	39	6	58	1	2	77	61	74	78	90	18	56	86	16	89	88	32	100	24	87	75	98	17	91	12	11	54	33	47	27	67	9	35	46	14	79	65
