30	30
26	15	36	33	14	30	34	18	39	36	25	34	19	36	25	21	37	19	18	17	15	27	18	23	11	22	34	37	17	30
39	23	16	35	35	34	32	27	38	40	11	13	35	20	25	17	15	25	20	34	14	14	19	30	27	12	11	27	33	40
23	39	39	18	34	21	20	14	11	40	18	34	39	34	11	32	15	14	12	14	38	38	12	30	38	15	30	12	38	36
16	20	40	28	13	30	29	29	32	34	14	22	37	26	27	23	40	22	20	20	23	14	25	25	39	31	32	39	26	38
14	27	15	22	19	37	37	33	22	26	34	24	29	18	14	40	23	23	26	40	19	33	17	32	17	32	23	38	18	28
21	26	16	15	31	20	20	40	37	11	39	33	13	23	17	19	13	38	21	25	31	28	40	17	21	28	16	26	28	33
23	20	19	39	33	26	16	20	34	32	15	38	23	20	22	17	35	12	32	32	22	39	35	30	34	34	36	23	23	24
15	18	32	37	20	17	26	22	38	29	39	27	16	14	24	11	32	34	12	24	19	31	38	25	24	20	21	11	13	27
34	17	29	20	20	24	32	22	12	25	27	27	36	28	25	12	32	30	29	11	24	37	21	31	37	38	39	19	34	12
15	36	23	30	33	21	39	18	28	26	11	29	18	23	27	11	23	20	25	35	13	27	22	16	32	27	20	22	21	11
19	15	16	39	22	40	28	40	25	21	31	27	18	39	26	37	29	27	25	26	24	30	20	24	35	14	18	28	21	11
12	22	38	15	17	40	38	28	40	25	23	22	23	27	28	37	37	11	39	22	12	19	31	12	26	33	35	32	13	23
15	23	34	31	22	28	29	35	32	29	36	33	29	16	18	34	16	16	17	40	27	21	33	25	15	25	17	24	13	23
33	35	40	38	38	34	27	25	39	16	19	40	20	23	34	18	25	17	13	16	33	28	25	20	14	26	31	11	14	32
17	31	11	31	12	32	13	22	26	22	15	19	24	22	40	18	32	18	32	30	18	33	24	29	14	28	12	19	31	26
21	29	38	38	28	37	18	11	19	24	35	23	28	13	14	39	11	37	28	22	12	16	16	33	27	20	38	30	22	29
31	13	26	19	37	31	36	27	21	11	37	24	13	33	39	14	20	39	32	26	31	24	17	20	20	20	15	19	23	13
15	33	16	38	26	14	16	29	33	25	25	15	30	29	23	16	36	25	34	16	35	22	37	32	13	27	20	30	13	29
21	15	14	15	19	18	21	37	27	13	18	35	21	19	40	15	11	31	28	34	31	39	40	36	27	28	27	21	33	29
11	13	31	26	31	28	21	11	11	13	14	34	33	39	20	14	32	17	24	35	39	33	34	39	30	22	35	22	32	33
39	15	13	40	18	20	33	21	37	19	17	37	28	27	18	33	35	32	15	25	14	27	34	25	39	23	15	27	19	37
32	38	11	39	18	22	37	16	23	12	32	36	31	28	36	33	37	32	17	22	35	16	36	15	40	33	11	33	13	21
24	14	12	17	18	27	27	15	34	11	29	20	17	28	13	25	25	13	19	24	39	20	37	18	29	31	34	34	39	39
38	36	26	24	12	11	12	35	18	37	15	21	26	33	22	12	31	19	34	25	30	40	38	14	25	33	31	36	32	40
34	36	25	21	23	36	25	24	34	17	36	35	38	35	33	38	13	29	29	22	16	28	31	28	15	36	40	22	16	37
14	24	16	35	18	11	21	23	35	26	39	32	15	23	24	11	31	34	37	11	33	22	22	12	11	18	17	27	14	17
34	15	38	19	37	25	34	20	33	30	37	38	36	13	32	23	31	21	28	12	16	23	28	29	24	28	34	25	28	13
19	33	24	26	16	33	19	30	29	12	24	32	11	31	30	18	15	40	23	15	11	16	13	26	32	33	20	33	34	32
34	22	31	21	19	22	34	18	35	14	26	30	18	27	27	17	18	24	27	39	13	18	15	13	40	16	24	35	11	32
14	22	26	37	40	26	15	32	25	38	23	35	21	38	11	32	36	24	14	16	11	24	28	21	18	34	18	13	30	33
17	24	11	18	20	14	16	27	12	2	15	5	9	29	30	7	28	22	23	1	4	10	19	26	6	8	3	25	21	13
29	11	4	8	14	1	20	22	9	13	17	7	19	6	28	16	21	24	26	23	3	15	30	27	5	12	2	18	25	10
9	7	13	6	26	25	16	24	22	28	14	19	12	4	27	30	10	17	11	18	1	20	8	2	15	5	23	3	21	29
21	5	25	14	9	10	7	3	23	2	4	17	24	6	30	18	8	29	1	12	13	22	27	26	20	11	16	19	28	15
28	4	18	9	23	22	3	15	7	20	21	30	12	29	1	11	2	27	8	6	26	25	13	14	5	17	24	10	16	19
6	12	26	1	24	4	23	21	20	27	22	15	5	30	7	10	14	16	18	8	3	9	28	25	11	13	2	17	19	29
11	6	28	20	16	23	13	26	30	12	10	5	18	14	2	22	19	7	3	9	25	21	17	4	27	8	29	24	1	15
18	5	30	21	8	12	7	9	27	13	6	24	3	29	26	20	11	15	16	23	2	25	28	14	10	22	1	17	4	19
1	6	5	30	26	28	2	29	12	25	10	20	17	16	13	9	14	23	8	21	22	15	27	7	18	3	11	4	24	19
10	8	21	14	24	22	1	3	19	26	2	7	16	15	4	20	27	30	6	23	5	25	29	12	9	18	13	28	17	11
16	17	3	21	27	12	13	11	1	10	25	24	28	6	30	23	8	7	29	26	15	4	2	19	5	22	9	20	18	14
25	28	26	24	1	15	14	18	6	19	13	5	7	20	17	30	11	8	22	23	21	12	10	2	3	4	27	9	29	16
6	2	12	4	29	11	19	10	25	13	1	17	26	7	24	9	16	3	20	28	27	23	21	8	18	14	30	15	5	22
27	18	13	2	30	15	10	24	22	28	8	1	19	7	6	16	26	23	21	14	9	29	3	17	5	12	20	4	11	25
27	9	6	18	24	29	13	14	5	1	17	23	12	19	16	8	3	26	7	10	4	15	30	22	20	25	11	2	28	21
2	21	29	26	6	5	25	1	9	23	24	10	27	28	30	16	7	8	18	11	3	20	22	14	17	19	4	12	15	13
3	1	28	19	5	18	29	27	21	11	30	10	13	25	23	7	20	12	8	17	15	16	14	9	2	24	6	22	4	26
22	30	28	8	6	5	12	10	19	27	13	3	15	2	24	9	21	25	1	29	17	18	20	14	23	11	4	16	7	26
26	4	29	17	24	25	11	5	8	12	6	23	15	30	19	13	21	9	20	1	7	3	2	10	18	22	28	16	14	27
14	11	22	10	12	3	27	23	9	30	16	18	24	26	19	20	15	29	7	5	21	4	13	28	17	8	1	25	6	2
7	5	18	25	11	3	20	12	10	19	14	28	24	26	6	1	13	9	17	4	23	21	15	29	27	8	2	22	30	16
16	21	14	17	1	13	24	28	20	4	12	8	30	19	11	27	7	15	22	23	9	18	26	6	25	29	5	2	3	10
2	24	28	15	18	29	21	8	20	30	19	17	5	11	13	16	14	12	1	6	7	9	27	10	26	23	4	25	22	3
4	18	9	26	7	30	20	16	24	8	22	3	29	12	11	14	23	28	13	17	21	5	1	10	6	25	27	15	2	19
16	8	13	10	15	17	27	29	20	19	12	21	25	14	30	28	9	22	2	5	7	6	18	1	23	3	24	26	4	11
10	9	8	30	25	23	2	24	18	13	4	28	3	15	1	26	21	5	22	19	20	11	17	6	27	29	12	14	7	16
26	7	22	23	14	12	3	20	1	27	2	15	9	16	21	13	6	24	11	19	10	8	18	28	17	25	4	5	30	29
22	9	8	20	23	19	5	10	6	15	7	30	17	2	12	28	29	14	13	4	21	24	11	3	27	16	25	26	1	18
17	27	5	10	13	28	18	3	23	22	26	6	1	7	20	8	9	4	21	19	11	14	15	25	29	16	2	12	30	24
26	21	17	18	9	8	15	19	13	25	29	20	1	27	28	5	23	4	2	14	11	10	6	7	16	24	3	12	22	30
