100	100
21	20	14	31	21	24	26	21	27	36	12	22	24	36	37	26	12	23	25	15	12	19	13	23	31	38	13	16	40	37	26	36	33	29	22	16	16	28	15	16	27	13	13	30	32	39	39	22	36	16	29	37	25	34	19	16	17	21	37	21	14	32	22	12	29	14	33	20	38	20	35	27	21	14	18	15	22	35	12	23	29	15	12	26	16	26	40	32	38	17	12	20	39	27	16	21	19	24	20	12
29	13	36	32	23	21	15	40	28	25	38	33	14	12	15	20	35	39	25	21	37	37	31	17	29	26	36	17	39	29	16	26	13	38	39	23	34	25	25	39	25	32	23	23	12	23	28	38	18	32	15	29	35	19	24	18	35	27	21	23	24	23	35	26	36	29	40	11	23	25	25	34	33	27	18	38	16	22	12	35	16	20	38	37	33	30	18	18	22	16	14	19	26	18	14	21	16	36	14	35
11	34	39	34	24	27	14	16	14	24	13	23	14	25	31	40	40	36	11	19	17	14	29	12	33	19	35	20	11	18	33	27	28	19	16	25	36	23	35	24	16	20	39	12	23	12	29	36	36	16	38	33	31	21	27	15	13	33	13	23	28	26	25	39	37	20	29	11	38	13	13	37	32	11	18	23	22	33	17	21	27	20	32	40	15	37	35	13	38	31	13	14	22	20	15	25	27	16	37	18
33	12	12	34	12	17	37	35	12	16	20	39	24	40	13	29	22	31	21	37	19	18	12	32	14	31	17	15	32	17	19	32	20	40	34	38	11	14	31	33	39	13	18	26	33	11	16	25	25	40	35	40	39	19	21	37	35	17	12	25	16	21	22	21	22	23	29	12	18	29	18	11	16	40	16	19	24	21	14	15	18	20	13	37	21	33	28	29	30	30	29	24	26	12	11	16	15	23	14	31
27	31	33	28	19	29	31	30	38	16	37	31	39	16	26	16	17	38	26	34	21	34	30	14	13	13	36	31	16	28	32	33	34	14	28	23	37	18	31	30	29	18	37	36	38	31	26	20	37	36	27	36	15	11	21	27	31	23	15	30	31	20	22	37	22	15	33	39	18	27	21	39	25	16	34	32	13	12	28	28	39	25	33	18	26	17	31	30	38	22	12	27	40	36	25	37	17	34	15	22
27	36	17	13	14	28	38	25	13	26	11	18	28	36	17	35	39	14	37	28	37	30	29	17	22	29	31	19	15	19	40	27	12	21	31	39	26	27	12	20	37	32	40	20	13	16	22	19	31	33	34	37	20	40	21	25	40	24	20	39	40	21	12	31	40	32	22	12	14	25	23	38	11	37	12	22	38	23	13	19	24	24	22	11	27	23	33	37	29	26	16	20	37	32	39	16	31	28	32	26
26	20	14	22	27	11	32	37	37	13	21	34	23	35	35	12	16	39	24	16	37	12	39	29	32	11	32	18	36	23	25	40	27	36	32	14	20	14	31	28	14	39	23	12	37	34	11	38	29	18	29	23	17	29	20	19	22	38	30	18	26	28	25	19	20	36	34	40	40	22	39	12	25	25	32	17	14	32	12	20	28	14	21	33	30	15	15	21	32	17	27	20	37	28	15	15	36	36	13	40
29	27	28	17	24	13	27	11	11	37	15	20	16	40	14	13	38	32	30	18	34	40	38	31	23	29	28	24	13	39	19	37	39	17	29	35	23	34	33	23	15	28	34	22	40	17	16	33	11	38	31	36	28	23	36	39	11	16	21	32	11	15	35	18	27	34	13	36	24	26	25	16	12	31	40	14	14	16	14	29	14	21	33	29	39	11	21	31	32	15	14	12	16	15	34	18	37	40	21	26
35	30	20	18	37	33	30	32	16	31	37	27	13	23	32	37	26	37	16	39	11	28	36	23	19	24	24	28	35	13	30	24	32	20	30	20	21	34	34	34	11	17	20	18	36	29	13	16	17	35	19	36	21	20	31	32	19	33	28	30	29	36	40	30	26	38	28	33	12	28	21	11	19	18	39	39	16	17	34	23	21	12	36	17	39	40	24	27	26	15	35	34	32	11	13	23	22	36	17	27
17	25	24	26	11	17	17	29	20	14	13	31	15	30	37	14	24	38	14	40	35	34	31	30	26	12	34	19	28	11	18	16	27	21	32	35	19	28	22	19	29	29	18	13	12	36	32	18	13	26	36	37	14	39	19	30	38	34	36	18	36	16	18	13	12	19	21	17	37	21	11	20	39	24	17	32	23	19	18	33	30	18	27	18	40	21	20	30	26	36	19	30	37	29	26	24	24	40	20	34
35	25	30	18	40	34	14	24	11	38	34	15	28	23	31	32	39	19	14	23	39	20	21	24	30	28	26	29	18	32	31	30	39	36	23	14	26	36	29	26	14	31	32	28	20	25	21	32	27	25	26	36	34	26	40	24	38	20	11	24	36	24	35	20	14	23	22	32	35	19	25	15	15	11	16	25	29	19	35	30	13	16	30	11	16	21	29	15	27	22	40	18	22	17	31	28	19	34	24	24
21	34	36	32	20	25	36	24	18	21	38	24	36	16	32	38	38	18	11	25	38	24	39	35	12	19	25	19	13	23	24	22	26	37	15	11	23	15	19	39	34	24	13	32	36	22	29	38	14	21	32	28	38	31	32	25	23	11	29	18	34	35	23	26	11	36	35	24	29	31	21	25	13	36	16	37	17	20	35	40	30	34	23	11	40	27	38	34	11	38	13	32	32	39	38	13	34	19	34	32
23	23	30	23	36	24	17	16	31	13	27	23	25	37	13	17	21	25	14	29	17	11	37	36	16	33	17	37	36	22	19	40	33	15	15	27	12	15	14	35	30	21	18	13	29	17	36	21	20	21	29	40	15	26	26	17	39	15	14	18	39	34	34	39	21	21	33	19	27	12	26	26	24	39	35	21	18	19	12	17	40	26	33	24	21	12	22	22	24	28	32	15	27	31	24	21	15	31	16	24
11	22	37	17	17	22	24	39	27	37	26	26	24	27	37	17	26	26	17	22	22	36	25	22	29	34	26	21	16	36	17	23	16	21	38	25	19	13	20	28	26	39	17	18	15	28	38	33	23	15	22	36	11	24	29	19	24	16	24	25	35	38	14	17	17	38	27	21	29	37	32	13	31	17	30	17	40	20	38	14	22	35	27	14	36	26	26	32	19	19	24	34	32	19	20	12	11	24	24	12
19	36	18	11	37	25	22	39	17	20	12	29	15	35	37	12	39	29	22	28	30	15	19	26	28	39	40	33	19	25	22	27	21	18	30	35	13	40	16	24	39	20	23	35	23	17	33	13	20	37	40	30	25	23	39	23	33	39	32	35	19	15	24	32	17	22	19	22	33	12	11	31	27	19	26	25	30	14	29	36	29	24	38	15	25	31	11	37	37	38	31	39	18	21	37	40	26	16	14	38
25	39	21	28	40	17	29	33	33	28	35	18	32	17	16	36	34	35	38	16	15	15	17	34	19	14	25	31	36	11	17	24	18	17	33	39	40	22	24	25	21	35	24	18	13	21	27	27	32	15	32	15	24	24	27	37	20	21	14	21	15	27	39	21	34	37	31	29	30	40	17	33	39	38	38	11	38	11	27	36	21	20	17	16	38	25	12	16	24	37	39	37	26	37	37	23	34	40	22	24
26	20	13	31	33	21	17	37	40	33	15	25	14	15	14	21	14	20	20	34	30	17	17	32	35	31	32	23	39	21	30	34	16	17	32	12	36	21	16	21	36	31	13	30	26	28	34	35	19	27	15	21	39	37	14	26	28	23	31	32	25	38	20	12	31	32	31	31	40	24	40	17	15	19	22	39	14	12	31	23	17	28	19	35	13	39	34	37	17	24	17	17	37	13	38	28	33	35	26	34
28	33	15	25	22	18	21	25	11	35	38	25	11	31	40	35	25	39	11	11	27	39	38	32	23	34	14	16	38	38	20	16	26	40	35	24	29	17	16	12	16	17	13	24	17	32	26	39	30	28	27	15	18	26	12	26	13	17	19	22	20	12	16	18	27	15	36	38	17	12	19	17	26	20	40	22	16	37	15	31	31	28	22	38	12	31	35	16	27	34	31	12	31	24	36	33	31	38	39	37
30	40	29	13	19	33	29	38	14	20	33	30	16	12	36	18	31	29	22	20	24	13	31	30	33	21	19	21	16	17	20	13	27	25	15	18	18	19	11	17	40	39	27	15	22	37	34	24	20	33	15	36	21	34	14	39	24	16	29	22	22	21	18	17	38	14	13	23	25	11	23	33	12	25	25	23	24	32	37	25	32	19	11	34	24	14	39	32	20	16	34	37	26	13	22	32	30	25	21	24
23	30	27	40	21	17	27	27	30	30	14	16	30	16	27	17	27	11	24	32	13	39	20	14	28	32	25	18	26	32	36	38	21	38	36	37	22	17	34	14	12	34	35	18	17	20	12	26	19	33	29	23	25	17	31	29	18	19	24	30	38	27	23	29	11	18	35	30	14	19	29	25	19	39	28	30	26	31	33	21	30	36	14	37	37	27	36	16	23	12	40	12	11	28	11	23	36	15	13	14
16	15	28	40	18	30	39	25	27	28	18	22	20	16	36	23	25	15	34	22	40	19	12	28	32	25	27	33	32	29	17	35	17	26	16	23	23	21	37	18	19	33	19	13	35	26	17	31	16	39	20	29	37	24	36	23	17	30	16	28	31	34	14	13	15	32	12	38	12	39	14	33	25	26	13	16	32	21	13	35	35	27	37	17	34	32	32	33	40	18	32	14	14	22	12	24	28	15	17	18
13	35	20	18	24	20	34	11	38	29	37	32	13	29	40	14	36	20	39	26	21	24	23	38	17	19	24	29	29	32	32	16	26	16	14	39	34	23	34	34	32	22	11	11	13	28	11	27	16	13	26	34	16	18	16	37	20	36	11	28	38	38	31	24	11	32	14	11	33	37	25	28	16	16	20	33	25	13	21	33	37	18	28	34	30	12	22	21	35	30	21	13	39	27	11	15	39	34	35	16
36	19	34	40	15	16	33	14	31	37	22	34	18	31	32	36	21	35	28	26	11	24	12	30	14	23	28	25	14	24	17	19	30	24	25	13	38	38	31	35	18	27	39	12	17	30	26	21	36	14	32	24	14	37	23	25	37	13	16	38	11	21	21	22	37	12	26	11	12	32	18	14	16	39	18	39	27	37	27	17	17	35	35	26	29	21	18	37	21	21	34	24	11	12	24	12	22	19	16	39
38	24	37	31	14	19	32	17	23	37	28	31	37	15	22	40	29	19	25	31	24	40	21	12	35	17	26	33	40	29	21	24	15	38	34	16	11	27	35	36	40	34	15	30	16	38	18	15	26	31	33	11	33	18	11	33	31	16	29	15	32	36	23	22	18	13	14	14	18	40	15	16	24	19	24	18	11	36	17	34	21	37	39	40	20	24	29	26	25	12	22	22	20	17	21	40	37	35	29	23
19	35	31	19	13	31	22	20	25	15	25	33	15	27	33	37	22	34	32	21	12	36	12	30	29	24	35	22	20	12	19	31	12	15	30	26	22	16	32	26	29	33	19	26	21	40	22	36	24	30	34	14	26	11	29	21	11	24	40	26	33	19	29	22	23	22	21	24	15	19	30	12	35	27	39	21	13	32	32	33	19	32	18	18	11	27	33	31	27	40	27	33	39	32	29	35	34	15	17	28
21	25	21	36	23	12	37	40	29	25	30	15	14	15	21	17	31	23	34	19	17	38	11	25	20	34	13	11	22	34	27	28	14	38	40	24	28	26	33	15	29	23	18	31	33	23	40	20	27	11	20	11	31	35	17	21	13	25	18	29	38	33	18	26	30	20	13	12	15	24	36	39	25	19	13	22	32	24	32	26	14	19	25	32	18	20	21	28	23	29	33	18	15	24	28	40	30	34	25	39
27	13	17	20	31	21	39	22	30	40	12	36	19	19	32	32	20	38	34	26	31	35	17	15	40	34	38	25	26	18	28	20	29	38	29	40	13	21	27	14	34	31	12	40	31	13	23	32	27	22	12	22	14	12	25	27	24	38	25	25	24	19	23	38	27	37	35	27	19	26	16	29	32	28	13	16	12	19	31	21	30	25	40	27	17	27	21	15	35	22	14	16	22	16	30	30	12	23	15	25
19	30	19	27	33	23	29	21	11	27	24	38	35	35	11	25	31	32	24	21	17	30	11	22	11	19	29	13	14	34	30	37	32	19	19	31	17	31	27	35	27	37	19	33	29	28	32	15	40	20	25	33	15	12	31	38	29	20	31	18	13	18	19	13	35	24	19	32	35	16	30	24	27	19	24	23	27	24	20	27	15	38	17	19	31	38	14	32	33	24	17	28	26	32	15	29	35	37	16	40
38	24	17	31	29	26	32	13	19	31	22	17	18	29	34	34	12	17	23	40	14	26	16	31	29	11	11	38	33	33	36	36	30	27	14	28	17	20	35	20	32	32	17	11	26	28	12	33	13	19	24	14	33	23	22	16	23	11	26	17	40	36	13	16	33	30	11	34	21	25	27	33	36	38	20	26	30	15	33	36	39	40	31	36	39	30	16	40	29	18	11	20	13	40	25	37	35	36	22	37
17	18	12	33	31	17	29	24	17	21	26	12	29	23	18	32	23	29	13	29	11	12	25	15	21	11	26	34	40	38	22	33	36	26	37	24	34	21	39	21	30	15	38	13	18	22	12	36	36	13	32	34	34	36	36	17	16	19	12	38	35	17	21	36	27	16	29	29	12	13	37	25	13	26	29	30	30	22	11	25	29	15	25	20	19	21	30	38	40	25	20	32	15	24	11	28	12	27	26	21
11	20	33	11	28	32	21	22	23	31	15	33	28	16	34	32	21	16	15	29	37	39	35	17	21	38	24	30	13	19	31	22	21	24	14	37	14	26	25	13	30	20	38	28	32	23	15	21	34	26	27	40	24	12	27	39	19	26	23	38	11	16	17	21	39	40	21	36	19	37	12	30	35	39	26	15	27	38	15	25	18	34	14	12	31	24	11	19	27	22	19	35	13	20	21	36	22	28	33	28
14	35	39	40	18	34	32	17	32	18	38	24	15	27	36	34	37	28	14	11	11	19	23	26	19	11	35	17	32	11	25	26	21	23	24	23	26	23	38	22	24	22	28	39	13	18	11	30	11	22	24	18	19	15	15	35	13	33	19	39	37	38	11	37	24	23	17	26	14	16	11	12	28	26	33	18	26	34	36	20	33	26	36	33	12	40	16	38	40	20	15	31	15	17	19	18	29	23	13	14
11	18	39	11	20	20	29	28	29	21	33	11	32	37	33	38	23	32	28	32	15	19	31	22	30	38	24	20	20	37	19	16	31	39	33	14	23	32	14	33	37	13	30	16	11	29	35	12	16	33	36	17	27	36	16	21	20	25	39	35	27	24	11	26	13	28	17	13	16	34	28	29	31	30	32	34	23	21	17	40	29	15	16	19	31	32	18	31	31	32	40	37	39	11	34	20	25	27	36	37
39	13	11	20	37	26	18	13	14	24	28	28	17	30	11	17	26	34	26	28	28	29	26	33	23	30	29	38	25	20	18	26	26	32	39	38	30	22	30	12	38	22	25	29	25	20	20	13	35	23	38	24	35	17	25	23	17	27	23	38	11	39	27	25	33	40	19	18	11	34	22	35	11	20	37	31	19	28	39	32	40	35	14	21	15	17	21	24	31	22	38	22	14	13	37	18	36	39	17	32
25	30	24	35	15	30	20	19	39	17	32	22	39	21	12	12	37	29	31	16	38	17	27	34	25	27	25	36	24	32	24	13	18	19	25	31	25	36	26	36	12	34	11	27	15	33	19	34	33	16	37	34	17	37	28	39	40	28	21	26	17	34	36	26	26	26	22	35	11	15	40	37	11	14	39	34	19	30	24	11	33	17	40	31	24	23	39	20	21	32	13	30	25	12	36	12	16	18	36	12
31	28	21	30	36	33	17	16	33	20	35	31	26	27	27	14	21	34	32	35	22	30	25	39	12	31	31	24	14	20	17	19	20	14	25	28	23	14	35	20	17	37	27	29	21	19	27	17	17	22	34	33	34	19	32	13	11	12	27	34	11	36	23	14	28	38	14	34	19	12	25	36	22	33	14	26	37	17	21	23	34	16	39	22	17	17	37	35	28	26	25	13	29	18	31	29	27	18	37	13
38	39	40	36	32	35	14	26	18	40	20	22	15	38	15	34	27	40	36	23	15	16	28	19	27	16	26	26	31	19	13	34	14	27	30	37	17	20	14	19	39	35	26	23	26	35	28	22	11	23	22	27	24	24	28	13	37	35	37	18	33	14	16	32	31	38	11	20	30	40	17	35	31	37	37	40	30	25	26	16	27	36	32	19	12	38	35	12	25	23	24	18	18	14	39	38	25	17	31	31
35	40	37	29	36	25	23	12	31	25	11	25	19	32	39	35	25	35	38	30	12	24	30	26	38	21	31	16	16	15	27	28	17	22	12	32	14	14	35	11	12	37	17	33	24	22	34	36	15	29	13	22	15	30	21	12	40	35	37	31	14	35	28	38	15	19	36	33	18	13	33	35	22	36	31	37	17	31	38	20	37	26	24	19	18	15	22	17	35	20	23	26	23	17	24	15	21	15	15	30
20	14	22	34	19	19	27	11	35	33	32	27	27	31	14	20	13	26	32	16	17	17	20	16	15	38	13	14	40	11	35	37	24	16	37	14	20	11	33	30	39	33	15	27	18	27	14	11	19	15	39	30	16	31	22	12	34	13	24	18	37	31	21	34	24	28	33	15	32	28	16	40	16	35	29	21	20	23	29	24	27	35	37	28	39	15	19	11	37	14	38	18	12	17	36	22	23	26	30	36
21	29	19	32	40	28	24	11	26	12	27	25	33	11	12	12	28	26	29	24	40	29	38	23	31	14	35	37	21	36	24	16	12	23	28	30	28	36	22	31	26	35	35	23	34	38	23	22	31	34	32	33	33	34	27	32	38	22	23	23	39	24	31	38	35	35	20	38	13	24	13	32	37	29	32	37	11	40	36	19	24	13	32	17	19	20	25	40	20	38	37	26	24	28	24	32	18	39	26	33
36	27	29	26	14	31	29	14	29	33	36	34	37	22	25	13	24	12	37	30	35	40	38	15	32	30	22	35	27	40	33	27	35	36	25	24	32	28	40	11	30	34	13	34	15	20	25	24	22	16	13	24	17	13	37	12	18	20	36	15	22	11	20	27	11	17	18	21	26	32	34	13	40	29	17	35	19	34	36	22	39	20	22	40	18	12	22	34	14	33	37	16	19	14	15	32	25	32	15	15
32	33	39	19	14	25	16	18	37	25	23	11	33	39	30	22	14	19	22	34	32	14	31	29	28	33	16	30	22	11	32	39	25	22	22	13	40	31	19	27	36	38	22	21	19	32	40	40	36	18	40	36	20	17	19	12	30	18	14	21	21	33	16	33	36	11	15	31	38	30	40	19	27	21	27	30	14	38	37	20	30	33	28	25	39	36	24	20	35	36	27	17	15	27	30	28	25	24	35	11
28	23	34	24	17	14	39	16	13	19	40	23	11	19	18	12	24	12	21	19	31	28	13	16	35	35	30	15	22	20	26	33	35	38	40	24	34	19	36	29	23	33	15	40	26	18	26	21	16	33	16	15	26	25	19	27	11	21	39	32	35	32	39	11	20	15	12	15	38	11	31	11	14	20	27	13	13	37	30	21	38	35	22	30	35	27	28	36	31	18	32	19	23	16	25	23	39	17	24	26
19	26	30	20	30	15	27	20	16	19	35	37	40	15	34	16	25	16	38	31	15	37	24	35	27	34	39	21	14	12	31	12	37	31	40	15	36	25	36	25	12	24	31	34	23	30	31	17	35	24	37	16	27	20	14	12	24	19	18	24	29	14	22	20	30	12	38	14	22	14	32	21	11	17	30	22	24	35	11	28	21	13	38	25	30	33	27	30	24	23	36	23	11	25	34	39	37	26	33	18
29	22	32	35	31	40	13	23	33	25	24	19	22	20	32	23	38	18	12	19	14	36	15	36	29	40	14	19	20	30	33	19	14	24	27	16	23	34	19	30	29	35	25	12	20	21	37	33	39	18	15	22	16	14	35	30	39	36	40	40	22	35	18	20	32	16	22	39	39	20	34	11	32	39	23	40	36	15	38	33	18	27	24	33	40	11	27	25	34	12	18	26	21	18	37	39	21	13	28	20
30	35	29	26	19	39	40	19	34	18	34	29	35	16	36	34	19	34	40	40	40	34	11	30	33	37	16	26	39	12	14	35	23	20	39	34	37	18	18	23	33	20	26	13	21	14	23	16	12	31	21	32	36	22	27	36	24	27	12	30	34	28	14	18	17	33	23	27	32	22	16	33	13	17	27	30	12	16	39	28	28	20	14	25	37	14	13	14	25	28	36	37	15	32	25	29	32	27	29	26
21	40	17	12	16	20	11	31	26	17	13	35	26	36	23	21	14	22	17	29	23	31	18	32	17	17	11	24	28	37	32	25	26	34	20	19	20	14	33	32	36	34	19	27	40	26	13	30	26	40	27	37	39	24	18	13	28	37	32	32	36	16	22	20	17	27	27	34	34	13	31	17	32	17	13	30	22	27	19	18	40	36	17	40	35	32	26	15	39	13	26	11	20	28	16	32	16	33	31	13
37	39	29	34	20	21	39	14	15	15	37	20	30	22	22	40	15	21	32	19	19	18	19	13	39	15	22	40	17	27	27	35	38	13	24	23	37	37	27	29	24	26	38	39	11	25	36	17	27	30	38	26	33	25	20	35	34	38	38	15	27	13	23	29	14	38	17	17	14	11	12	30	27	17	33	27	32	38	32	14	15	11	32	40	15	13	30	27	34	34	33	16	27	14	30	26	14	23	26	40
17	19	36	30	12	40	33	21	30	32	27	25	16	32	39	13	16	20	31	31	28	14	31	30	27	30	35	35	31	24	40	17	30	26	33	40	30	33	32	25	13	30	34	32	32	26	23	33	23	18	29	37	16	24	24	28	20	22	25	24	27	28	31	11	31	28	33	27	29	36	33	28	32	23	11	19	28	28	27	27	28	39	37	18	21	17	33	24	26	35	13	11	36	30	28	31	37	28	28	35
22	30	30	27	38	33	20	26	31	40	16	24	37	21	27	35	17	39	19	28	36	18	33	18	35	33	16	32	34	32	38	19	29	23	13	15	12	32	22	39	29	29	40	26	14	36	35	11	36	14	39	37	34	30	24	37	26	33	39	20	29	34	32	15	35	22	16	37	33	27	22	29	31	11	25	26	30	16	38	32	27	17	33	23	35	22	14	17	11	11	20	32	12	40	28	23	38	35	19	26
15	28	39	19	27	18	27	28	24	20	28	23	16	29	39	23	39	22	33	13	35	36	18	16	25	37	11	33	12	17	17	21	31	22	11	25	33	27	21	29	35	12	17	12	25	21	26	40	38	24	18	29	35	29	12	32	17	13	33	28	29	31	12	36	35	12	33	35	29	20	35	38	18	14	26	24	20	30	21	12	15	18	22	34	26	12	32	17	22	34	20	33	40	20	12	19	27	27	11	37
34	18	12	31	21	32	36	29	20	23	23	35	28	12	23	13	20	17	20	24	14	24	40	16	12	22	12	37	21	34	38	35	40	37	28	27	35	22	30	21	37	16	26	40	29	25	33	26	14	13	13	25	38	19	34	30	22	12	31	38	17	14	17	23	34	30	29	27	34	18	33	11	25	37	18	12	39	28	27	25	30	20	14	19	22	14	24	34	36	23	25	22	28	31	22	30	36	36	24	33
12	16	32	21	27	25	18	30	40	27	36	36	37	30	21	11	40	24	13	37	26	22	31	12	31	40	36	19	21	24	35	33	29	23	33	36	28	25	21	17	24	24	36	11	19	20	20	18	23	38	25	33	22	40	30	39	35	16	34	17	27	25	31	35	13	37	25	37	38	23	36	25	30	14	30	30	15	40	40	16	34	37	37	11	21	30	13	19	13	13	35	29	21	19	35	13	30	36	30	17
30	28	20	38	18	30	25	40	24	38	21	21	36	24	40	18	14	30	27	27	32	11	14	26	30	14	20	27	12	39	32	21	29	16	35	33	31	26	34	22	23	19	27	40	24	24	40	28	39	25	39	18	11	22	27	11	13	34	23	37	17	40	28	11	23	25	14	21	11	18	19	13	21	12	20	18	18	24	15	22	28	35	38	34	16	32	15	31	38	15	15	32	36	35	23	27	32	37	22	27
21	21	21	29	30	28	11	21	31	15	35	15	22	32	25	27	39	13	14	40	14	25	29	35	28	15	20	32	11	39	14	25	33	32	24	26	28	27	14	37	24	22	29	12	36	29	31	31	37	32	30	34	23	33	19	32	21	12	15	21	36	40	30	19	36	37	28	40	37	11	27	31	17	38	24	32	31	11	38	17	40	39	30	24	40	17	20	17	23	27	14	35	17	31	25	15	25	34	39	33
33	17	40	27	22	17	27	24	35	11	32	29	22	30	16	23	31	12	30	13	35	39	30	11	36	21	20	22	31	14	32	22	34	13	15	17	31	17	19	23	16	14	34	38	28	14	29	25	22	26	34	27	20	14	31	21	32	36	40	12	29	19	35	26	25	38	12	27	30	38	37	40	23	38	29	37	36	15	13	34	21	19	29	25	36	35	34	14	21	26	30	20	22	34	15	27	32	11	30	12
27	32	20	13	16	37	15	23	39	28	13	21	29	18	17	34	20	33	32	38	13	34	31	19	30	32	32	25	40	40	14	37	15	22	34	30	31	16	14	26	32	33	40	21	28	28	22	33	21	34	24	27	39	21	36	33	40	15	27	26	16	25	17	37	40	32	34	13	39	15	22	16	25	33	28	16	20	15	40	25	12	38	24	16	35	26	14	18	30	18	34	17	25	12	28	31	13	36	34	39
15	33	26	12	25	21	31	17	34	11	33	35	40	19	32	19	36	31	34	14	36	39	11	32	13	33	36	30	36	22	22	25	21	30	27	37	38	21	16	16	17	14	36	23	35	11	35	22	19	29	34	17	26	25	17	17	27	12	14	20	23	23	14	18	27	22	12	15	11	26	33	26	23	35	13	39	29	19	12	11	35	21	23	14	38	27	39	26	20	34	21	38	11	22	38	26	32	17	37	28
15	16	18	26	40	24	30	16	23	26	30	18	16	16	21	37	20	28	14	36	36	15	36	16	33	11	19	19	37	25	26	19	32	34	35	11	28	33	16	22	28	26	32	25	32	21	20	14	18	37	26	20	16	16	18	16	33	26	11	30	16	27	27	16	30	36	21	25	24	15	30	36	30	22	20	35	26	14	31	34	39	27	39	23	37	27	25	15	34	26	11	17	35	21	34	33	16	11	23	28
12	38	33	22	13	11	34	39	39	25	25	21	21	12	34	14	23	16	31	30	20	32	15	26	29	27	28	32	17	14	40	26	38	30	23	12	27	34	31	25	33	21	18	38	26	33	28	23	22	14	40	11	36	27	12	31	18	28	13	14	24	19	30	27	11	26	18	25	37	22	22	15	26	27	19	26	19	32	25	25	18	34	18	12	28	11	31	28	13	19	39	15	40	27	40	26	29	30	34	33
25	37	24	12	38	16	11	33	33	15	37	21	30	11	13	13	34	18	36	39	17	35	40	11	30	32	38	21	13	34	30	23	23	29	15	37	14	24	14	32	29	23	17	32	11	12	33	25	23	17	31	12	14	29	33	18	36	29	37	40	34	39	40	26	21	21	29	31	28	18	25	23	15	23	32	20	13	32	19	35	34	35	26	18	40	35	11	25	18	19	32	27	19	27	30	25	32	14	22	30
32	19	13	25	40	18	36	38	25	20	24	38	21	31	19	37	26	12	12	16	35	32	28	15	32	18	31	17	20	11	36	32	36	21	33	40	24	28	24	38	32	34	23	18	19	11	15	34	20	38	17	17	18	14	29	19	26	27	27	38	15	24	21	21	12	16	16	18	15	18	24	18	22	21	32	12	36	16	16	27	26	11	26	27	18	20	32	12	12	37	25	11	23	35	33	26	17	31	30	24
36	21	26	19	40	29	37	17	16	21	32	26	11	38	31	33	11	14	12	26	33	36	13	17	13	20	24	28	34	22	17	26	12	36	11	40	25	17	40	34	38	21	33	34	12	19	15	21	16	34	30	27	39	15	13	36	12	37	33	14	40	29	16	32	20	31	27	11	28	23	27	15	33	28	28	34	13	25	35	37	13	40	21	32	13	29	25	29	15	26	25	37	13	36	27	16	17	25	24	16
11	27	33	21	31	31	16	40	37	22	16	24	12	12	39	37	20	37	40	38	16	24	27	19	25	40	29	33	21	16	15	19	25	15	34	23	29	30	13	27	21	33	35	32	18	35	37	28	31	13	39	36	21	14	31	20	15	24	27	28	17	14	35	26	16	39	39	22	31	21	19	20	26	18	30	22	21	15	36	38	29	26	18	24	40	24	22	12	38	31	37	18	19	21	20	35	27	17	38	31
29	19	18	37	24	13	30	26	25	28	18	24	13	30	11	36	21	32	21	11	13	22	27	12	34	14	34	37	23	38	26	32	15	11	38	17	15	39	28	35	18	18	36	28	32	34	15	32	15	14	21	20	15	39	37	14	13	14	27	34	33	39	11	24	26	24	32	26	26	25	25	24	24	38	29	21	37	16	27	25	31	27	18	35	11	23	25	11	34	39	27	11	34	38	27	35	24	27	33	12
14	26	14	13	33	14	36	36	13	31	16	18	31	33	20	25	11	13	15	16	28	30	34	16	19	11	34	24	22	25	39	29	19	37	18	39	36	11	15	17	31	19	27	27	38	38	22	39	26	13	12	22	22	38	31	25	23	33	28	19	32	32	27	15	18	20	13	31	14	35	12	31	30	34	37	39	12	13	13	27	27	29	15	28	11	11	19	39	33	27	17	34	11	34	19	33	20	25	11	29
27	21	17	22	16	39	16	27	13	19	22	37	21	11	24	16	15	29	24	31	18	32	16	32	16	17	18	24	35	14	17	20	12	12	21	40	15	14	24	37	28	31	35	15	17	16	23	27	37	34	14	12	28	17	16	36	40	18	23	21	17	20	19	33	38	12	33	15	11	21	26	32	40	30	31	12	13	20	28	19	34	20	20	26	18	26	18	13	34	40	38	17	22	29	39	32	22	16	37	23
21	32	14	13	20	33	19	32	21	21	26	30	13	14	15	28	30	39	33	23	38	14	28	39	24	11	13	40	33	19	30	39	25	39	23	40	16	21	33	23	33	30	24	29	30	37	21	25	35	22	33	24	19	34	19	14	39	30	31	28	32	24	32	30	35	40	19	25	24	27	24	23	33	17	40	13	23	24	40	38	17	30	30	25	40	34	14	35	30	35	27	19	25	11	28	30	34	39	33	22
26	20	12	39	40	11	36	39	28	37	35	24	31	18	16	20	33	28	30	22	35	18	34	15	29	29	22	18	16	30	32	34	36	16	27	39	13	26	34	37	36	22	18	17	13	18	11	15	30	13	36	32	22	27	12	25	40	19	27	18	24	14	23	34	22	28	17	36	13	34	32	35	38	25	25	22	35	22	30	25	20	25	17	20	28	24	33	19	33	35	32	38	32	40	23	26	23	25	38	12
31	26	29	29	33	29	21	31	31	14	25	31	20	11	38	27	37	31	18	30	26	33	33	23	19	39	31	25	37	38	27	38	40	19	34	19	25	35	19	28	26	18	17	36	20	16	40	15	31	14	33	34	18	18	28	26	31	23	36	17	17	38	27	20	29	19	31	35	33	38	40	22	18	22	32	27	16	26	26	12	33	32	11	27	15	33	33	15	29	23	40	21	38	31	20	30	28	19	34	26
28	40	40	30	17	33	34	31	18	31	34	34	16	12	28	26	36	20	18	22	19	27	11	15	40	21	11	33	39	25	24	35	31	39	31	40	13	37	37	22	15	19	33	23	20	14	13	16	18	20	20	24	40	27	28	32	26	39	25	29	29	14	37	13	36	38	16	36	25	12	19	18	15	16	15	12	30	35	37	23	11	11	19	14	33	17	33	13	29	18	22	19	20	19	29	27	23	18	21	36
32	24	24	39	13	36	32	37	12	16	20	38	37	37	16	18	12	39	14	25	22	36	40	27	17	32	21	30	13	11	30	11	17	23	21	31	18	17	38	37	30	27	39	15	25	33	34	40	16	16	15	23	25	21	12	27	40	13	13	24	18	19	17	19	34	32	38	17	36	22	15	34	28	23	34	32	15	12	25	40	12	29	33	29	18	19	22	37	32	31	36	40	16	26	33	12	26	18	32	24
23	17	31	11	34	27	27	15	23	24	40	18	14	23	35	20	28	11	31	18	18	34	40	39	35	27	23	19	37	31	18	30	37	31	21	33	16	29	14	29	28	23	11	38	23	26	21	34	24	11	29	23	32	30	19	19	37	38	15	13	12	40	19	20	38	28	18	18	28	39	11	24	26	11	30	17	35	35	17	23	26	19	24	17	36	32	30	38	37	39	19	28	19	34	16	20	34	34	21	26
19	19	29	29	33	37	35	14	20	38	20	19	21	40	40	40	24	14	26	36	17	26	36	12	40	19	20	14	17	22	39	35	22	38	26	23	18	22	15	30	39	11	39	17	31	18	26	38	17	26	17	31	25	18	35	39	34	22	28	15	18	36	23	19	23	14	36	12	16	15	31	27	35	31	12	14	35	20	40	35	23	20	11	18	40	37	31	39	23	13	17	40	25	35	31	35	24	23	18	31
33	18	27	18	13	36	23	39	23	33	33	36	40	16	18	11	31	35	22	23	36	24	19	24	21	16	21	30	37	25	32	12	34	38	15	25	21	34	16	13	34	39	15	35	40	12	26	37	33	21	33	14	40	29	30	38	19	11	39	15	32	21	34	31	25	23	18	40	24	31	37	37	29	37	31	33	33	15	31	12	36	17	39	30	22	17	38	30	21	31	33	27	32	26	22	40	30	17	13	14
23	35	23	38	37	11	32	13	29	13	35	12	26	27	33	37	26	13	11	17	35	28	20	29	38	22	13	25	18	24	36	21	36	37	32	34	38	22	14	18	30	14	20	35	18	11	18	30	30	16	28	34	17	36	26	13	17	11	35	38	38	38	33	34	17	40	12	16	32	24	30	36	19	12	11	11	37	22	30	32	37	17	26	19	16	13	31	29	20	39	18	33	21	31	18	18	30	35	35	27
14	37	39	16	20	18	15	36	15	29	21	18	18	13	35	37	32	33	12	24	17	32	11	38	39	40	21	34	11	29	26	35	37	12	40	27	13	24	39	26	33	26	25	26	18	26	35	16	37	29	20	36	11	18	29	24	30	21	11	27	27	34	20	35	28	28	28	22	18	24	31	13	25	22	33	37	29	33	19	35	22	37	23	27	11	28	22	14	13	20	18	17	29	27	40	39	39	22	23	21
16	11	22	15	15	14	33	16	25	15	37	15	40	35	30	21	27	40	29	39	38	25	12	39	38	40	22	24	15	39	13	30	13	35	14	40	36	20	23	27	25	21	38	12	35	23	38	24	22	13	14	20	18	39	37	30	18	25	32	37	15	34	29	37	39	35	31	15	20	22	33	12	14	22	34	39	25	23	34	33	27	33	38	39	30	39	13	18	14	30	20	17	15	28	26	36	20	37	18	36
28	15	22	36	23	36	12	16	25	35	32	11	36	32	36	32	17	23	30	28	31	18	17	18	19	16	38	21	30	19	19	27	23	17	24	28	26	11	40	22	23	38	18	22	24	21	32	27	23	30	32	23	28	16	11	26	11	19	17	25	19	15	21	25	11	17	33	31	23	18	32	31	34	20	38	22	30	28	26	33	16	11	12	29	31	30	21	17	22	19	34	19	30	13	16	18	34	40	31	38
18	17	17	11	15	27	34	38	29	38	33	18	24	31	31	21	39	30	19	32	39	28	32	34	37	16	20	21	40	37	33	26	32	32	35	29	18	32	31	31	36	15	19	18	13	33	24	14	14	19	32	14	11	26	36	38	21	37	27	37	35	13	33	19	33	23	23	11	13	25	25	37	40	21	32	22	19	23	21	39	25	33	37	11	29	18	24	26	12	26	11	13	18	35	16	14	26	14	37	21
39	13	16	32	38	17	31	15	36	40	30	20	14	15	15	27	39	30	11	23	18	27	25	13	19	27	13	28	20	11	38	36	24	14	34	34	16	15	24	13	27	32	19	38	31	21	37	24	25	31	25	20	33	34	38	11	31	16	33	33	38	25	19	35	14	21	36	15	28	14	34	17	12	22	16	16	32	29	31	23	20	30	37	14	32	16	16	18	29	21	14	38	14	14	20	28	20	32	29	24
30	40	12	38	13	28	11	21	29	27	20	26	31	30	36	11	24	21	18	14	21	39	13	34	25	31	36	24	22	35	20	37	19	34	25	29	28	23	22	33	24	20	15	38	17	27	25	17	28	28	16	19	23	14	34	19	33	21	18	11	33	20	38	18	27	25	37	21	19	22	25	28	14	23	34	20	36	37	11	30	24	24	24	40	19	26	15	39	33	11	39	27	18	36	26	39	37	22	26	29
18	36	31	12	18	38	23	17	13	31	20	15	39	35	25	15	17	32	16	30	11	17	26	26	26	20	16	14	40	23	22	36	25	29	22	24	27	23	29	20	37	21	32	31	17	36	19	13	21	32	20	37	15	24	15	15	31	12	21	21	11	33	25	33	39	12	31	35	27	16	37	19	20	17	29	16	12	39	26	36	34	18	14	23	19	38	40	32	21	16	38	32	22	34	33	12	18	16	35	29
28	26	34	16	38	19	19	34	15	34	19	20	37	39	40	26	26	30	33	39	22	22	36	18	32	34	18	27	18	27	38	11	31	16	34	19	15	20	28	11	18	40	37	22	28	38	23	11	20	27	38	33	18	33	37	22	18	27	18	38	11	13	31	19	35	21	17	30	12	27	11	18	16	34	30	38	38	25	13	12	25	26	28	18	29	22	11	25	35	22	13	12	37	27	20	12	18	29	25	13
29	29	14	22	27	13	12	22	28	15	14	30	23	28	37	40	33	26	29	14	38	17	22	38	32	26	26	37	12	23	27	37	14	39	11	16	11	21	18	25	14	33	12	30	11	23	34	25	33	39	34	30	15	21	17	36	38	35	35	19	23	33	27	35	16	23	23	38	34	37	40	38	33	29	20	14	30	11	29	25	22	14	16	21	21	14	21	36	32	17	14	22	20	11	25	24	28	14	22	13
15	26	33	23	19	40	26	34	24	20	28	39	22	20	37	28	33	35	37	35	33	20	30	32	17	18	14	28	32	12	35	14	31	36	13	25	17	29	21	32	16	36	17	32	21	22	37	36	18	25	19	24	31	32	22	15	38	12	39	19	18	34	23	32	27	23	25	37	11	15	20	32	19	33	12	37	32	16	28	33	28	18	27	25	37	24	26	40	36	20	13	20	24	17	12	20	37	38	31	28
30	28	40	23	37	22	21	13	16	21	23	17	38	16	40	39	38	12	24	19	31	23	11	22	26	34	22	21	24	21	26	37	20	15	35	14	33	25	24	37	22	30	27	34	35	12	20	17	29	21	11	33	32	19	33	17	28	37	30	12	36	35	17	30	22	20	31	20	15	23	26	40	26	30	38	37	31	18	23	31	40	14	13	21	15	22	37	19	16	38	30	38	37	40	30	31	30	39	23	32
24	39	36	33	14	32	20	21	29	25	36	16	20	28	31	23	33	29	20	28	11	26	28	29	20	12	32	29	20	33	31	37	14	19	38	14	19	38	16	32	24	32	30	23	40	35	13	40	38	15	19	14	15	29	23	24	14	28	33	16	32	40	13	20	31	36	20	12	37	39	35	25	21	40	37	11	11	28	32	17	25	13	23	24	34	11	26	30	29	26	19	21	34	26	39	22	20	35	21	28
40	33	39	32	33	37	30	35	28	21	17	35	32	38	18	23	30	15	16	37	29	26	37	36	34	29	35	33	27	27	17	19	29	17	40	29	19	39	14	11	16	37	16	16	32	30	36	37	40	15	39	23	22	38	16	20	36	24	20	38	12	38	19	11	18	30	36	26	36	23	32	11	12	16	35	11	11	31	37	28	19	18	24	13	17	18	12	20	33	32	18	16	19	22	21	32	26	13	39	39
18	32	23	12	40	24	17	17	34	11	16	38	40	39	18	35	30	34	40	33	11	16	39	14	21	23	16	13	26	30	14	12	13	35	19	39	40	38	24	39	17	15	39	33	22	11	23	37	21	26	14	31	14	24	25	16	29	30	27	38	18	33	29	36	39	13	37	26	11	24	32	19	22	36	21	38	13	21	34	28	36	27	16	11	37	19	19	32	32	19	13	35	24	15	39	14	13	29	37	17
38	40	21	21	18	31	15	13	36	37	18	30	33	27	29	37	25	19	33	32	25	34	25	26	33	20	35	40	36	37	23	38	33	38	13	22	22	39	33	22	24	33	18	35	18	22	39	27	17	40	26	25	15	27	32	18	27	13	23	26	29	33	25	37	38	29	25	37	29	18	35	15	20	36	30	28	11	36	12	30	36	23	19	28	40	22	11	23	31	17	24	11	27	33	11	21	40	34	38	23
24	32	22	23	24	24	37	30	12	14	20	26	24	32	25	31	27	33	14	23	39	26	25	23	35	23	38	37	26	33	37	11	17	33	13	12	18	30	32	18	15	12	23	28	18	13	16	34	28	26	17	26	22	28	37	24	13	34	40	31	23	14	12	34	15	30	23	35	16	23	24	12	12	39	20	13	28	33	20	38	11	11	30	22	26	38	32	23	18	11	27	26	21	24	14	36	19	22	12	22
37	21	37	18	13	25	35	40	18	19	20	19	13	39	37	19	35	36	22	26	14	38	28	37	38	33	23	15	20	33	15	23	25	15	12	23	12	19	34	35	30	16	37	38	27	17	25	34	40	18	14	19	11	22	14	18	11	37	12	27	31	12	30	31	26	39	17	36	33	36	23	38	22	38	40	25	24	15	17	18	12	12	16	32	12	12	13	36	11	34	39	32	36	13	34	21	16	17	25	22
24	23	15	32	23	39	30	17	22	32	22	31	12	16	35	17	38	26	21	18	12	32	16	26	38	17	33	23	38	13	37	27	13	23	22	18	30	29	20	11	22	17	37	21	28	34	26	17	32	12	17	27	20	13	27	40	40	11	23	23	34	17	39	14	27	23	34	35	32	14	29	40	15	35	19	15	29	14	38	18	39	39	36	36	22	31	22	24	39	22	22	35	19	34	26	37	34	16	20	34
17	26	35	35	35	27	21	31	20	22	37	35	33	30	19	11	31	26	23	38	37	17	36	23	31	29	25	18	11	15	25	27	17	35	13	28	20	27	37	17	12	17	11	28	15	12	32	12	39	22	28	11	28	35	17	18	11	24	35	40	13	37	15	19	12	30	14	32	23	25	13	21	13	33	25	29	12	20	17	22	35	13	24	40	12	29	21	36	29	25	20	38	18	40	25	23	17	23	27	24
24	38	27	34	23	20	28	27	28	39	14	34	34	20	16	11	35	30	36	32	35	24	16	32	32	32	28	18	13	15	28	25	15	17	28	12	27	26	27	12	26	35	29	33	22	19	23	26	16	20	11	30	38	14	29	12	18	23	31	11	36	29	33	37	13	24	31	25	17	38	11	35	25	27	21	20	32	13	11	39	17	19	23	21	33	35	19	13	25	39	16	20	18	36	28	23	20	38	25	35
37	38	37	23	26	15	30	25	22	20	12	12	12	14	23	25	18	38	16	22	15	38	34	35	17	14	28	22	11	11	28	22	27	17	28	35	37	11	25	31	40	17	39	34	14	21	14	38	18	19	15	16	28	36	12	27	12	27	28	36	12	18	27	21	13	23	16	13	15	35	25	30	24	13	14	34	15	36	24	36	12	24	17	39	40	37	23	24	26	23	33	11	15	17	40	30	34	35	22	26
16	33	28	20	36	13	24	11	33	39	14	34	27	34	11	32	34	21	26	26	35	11	37	22	24	33	39	13	31	33	11	24	27	35	19	15	37	22	35	24	40	38	31	27	28	15	39	24	29	39	13	40	12	34	25	36	34	14	34	24	23	25	12	39	40	21	21	31	38	18	11	15	18	37	31	36	40	24	11	12	37	37	35	27	35	29	17	23	12	40	12	12	11	17	15	35	14	15	11	12
35	20	11	35	40	23	34	26	39	12	19	35	34	35	32	23	22	31	19	35	27	27	37	12	23	37	38	30	31	19	19	28	26	23	36	39	36	33	31	33	28	36	40	13	39	18	13	22	29	26	20	27	30	14	22	18	21	36	11	21	40	33	39	11	20	32	34	24	40	19	15	19	27	29	16	35	19	30	26	12	14	35	15	18	13	22	24	18	26	18	12	25	34	35	37	36	20	15	40	24
23	38	26	24	19	21	28	40	18	39	38	27	35	38	39	33	35	39	34	26	18	31	29	19	37	29	39	38	11	37	15	34	14	23	19	40	23	32	30	23	27	34	18	25	23	36	36	14	30	35	37	16	37	39	15	38	13	29	23	32	30	38	20	35	17	11	35	40	36	36	19	28	11	34	11	40	17	39	31	17	26	17	38	34	39	27	15	28	12	35	26	31	35	18	19	11	12	25	25	40
59	5	38	61	92	11	30	74	26	84	96	13	93	43	82	45	95	24	58	64	99	32	69	65	14	34	55	29	49	46	48	100	90	77	91	56	28	15	20	94	2	25	83	40	42	53	88	60	33	51	66	12	37	97	35	39	6	67	76	41	63	70	75	47	87	57	80	16	54	7	3	18	22	9	44	71	62	79	78	8	21	1	17	72	85	27	86	4	81	10	73	31	89	68	52	98	50	19	23	36
86	1	17	10	76	94	96	63	3	43	85	67	54	84	74	82	71	72	37	55	100	79	56	5	13	60	38	4	42	50	29	32	59	47	34	2	23	81	9	15	21	35	6	53	77	57	33	73	68	91	12	75	97	98	51	99	66	31	19	70	95	16	40	11	89	64	58	27	22	69	14	92	52	88	65	49	45	90	46	48	36	93	7	24	80	8	25	87	39	26	20	62	41	18	78	28	61	44	30	83
93	73	3	13	83	98	37	61	36	24	38	40	77	19	66	74	6	84	47	2	15	42	43	63	59	78	28	10	25	95	18	51	4	1	31	90	57	92	85	23	35	58	32	9	49	53	17	7	16	96	14	29	11	22	71	80	67	69	91	20	50	60	54	5	33	68	46	21	94	55	30	88	86	64	26	12	87	52	70	62	39	44	41	8	48	79	99	81	82	76	34	100	45	75	72	65	27	97	56	89
60	77	69	75	67	2	62	52	51	8	66	9	90	20	53	10	58	98	89	85	44	87	72	73	11	40	65	36	48	47	41	5	83	39	7	97	38	91	31	49	21	81	71	26	43	1	74	94	95	100	92	14	86	17	61	30	64	3	22	12	28	42	76	24	46	96	59	88	35	99	68	50	25	19	4	37	27	78	80	15	16	6	54	79	84	57	82	93	13	56	45	55	33	18	63	32	70	34	29	23
28	10	44	62	63	66	51	42	90	6	21	34	95	47	33	75	39	15	29	12	91	58	72	41	96	76	100	82	45	16	79	18	22	54	98	97	71	93	31	9	88	32	53	78	85	64	49	68	89	27	84	3	23	55	70	43	40	87	67	83	80	17	14	36	37	86	35	20	73	81	92	77	13	99	61	57	2	52	8	30	59	19	65	69	60	26	5	74	25	7	48	56	46	4	11	94	24	38	1	50
19	46	6	50	37	17	83	73	51	75	18	33	16	28	45	84	98	49	2	99	87	79	4	86	23	63	94	93	100	69	42	52	78	65	85	74	12	21	26	95	20	76	1	38	90	24	89	34	64	72	44	57	96	30	66	70	31	10	15	80	14	29	55	47	41	3	62	77	13	11	25	5	35	97	60	27	53	81	82	9	7	61	43	36	71	22	54	58	59	39	56	8	88	91	40	68	48	32	67	92
99	69	16	7	56	24	75	23	18	90	9	71	32	60	50	91	49	81	98	67	2	62	48	63	61	33	5	29	8	64	1	36	15	12	13	38	34	51	89	68	95	40	37	42	52	55	86	20	43	27	66	14	44	88	11	46	22	26	74	59	19	35	47	92	31	30	39	85	93	6	82	87	100	10	58	65	28	72	97	83	53	96	4	54	70	84	78	3	77	80	25	76	41	21	79	94	17	73	45	57
42	21	90	96	82	27	57	39	17	10	38	85	15	47	9	32	98	18	29	2	65	72	94	20	56	41	86	80	73	76	51	35	43	37	81	50	60	14	33	88	16	31	53	66	40	75	1	64	79	61	69	62	95	89	3	54	5	59	63	30	24	58	52	34	45	46	87	55	36	84	100	78	91	7	97	83	11	22	99	48	8	28	13	12	77	74	25	26	93	4	71	49	70	67	92	68	23	44	19	6
68	74	97	73	52	55	65	47	31	81	7	29	77	78	46	19	2	87	14	4	39	5	96	33	13	84	30	23	42	9	66	83	25	93	34	54	92	60	15	12	89	94	49	76	63	100	26	67	8	98	59	11	61	64	35	41	28	56	85	17	32	75	18	57	53	99	86	10	24	69	27	40	95	80	20	36	44	45	16	21	90	72	37	58	48	22	82	38	1	51	3	50	6	79	71	43	91	62	88	70
38	9	6	86	2	64	35	29	81	67	61	93	32	92	7	88	90	27	85	59	72	18	3	71	42	21	89	54	50	74	49	46	98	25	1	34	15	57	95	8	11	26	12	91	10	44	30	80	43	68	16	31	75	83	55	41	79	56	99	63	97	96	33	78	4	65	77	84	53	36	19	39	58	17	14	47	22	66	94	24	69	76	13	20	28	40	70	60	52	37	45	82	48	5	100	62	23	73	51	87
6	98	83	99	39	37	56	33	90	48	9	44	59	97	17	19	76	89	94	40	77	88	42	16	57	1	86	26	8	18	15	66	7	75	30	41	55	43	92	36	38	25	81	78	49	35	12	79	32	14	61	51	50	72	74	28	96	29	34	82	63	23	73	47	54	87	67	91	21	46	4	13	62	58	3	11	100	80	22	95	65	85	20	5	52	45	71	64	84	93	68	10	31	60	53	70	27	69	2	24
66	60	27	88	40	41	45	5	51	59	79	64	54	21	94	80	55	31	35	63	19	10	36	65	25	73	84	8	67	16	2	52	53	26	96	11	68	4	22	100	30	9	28	17	46	48	33	15	12	87	39	37	86	38	98	34	42	82	74	32	7	29	14	6	47	49	72	95	89	58	61	99	83	18	92	56	62	70	3	24	85	97	43	57	90	93	13	75	69	1	91	76	44	50	81	71	78	20	77	23
25	57	30	58	40	42	100	36	83	20	90	33	32	31	6	47	85	64	10	14	17	35	39	96	24	7	43	23	16	15	91	34	1	46	80	89	76	22	29	82	94	27	81	8	18	63	41	19	69	77	99	2	71	70	51	88	48	38	78	45	98	37	62	21	11	59	56	67	74	52	26	72	73	50	95	68	79	93	61	60	4	75	13	65	84	5	66	55	92	28	44	97	3	53	12	54	86	87	9	49
21	99	74	80	71	11	100	49	64	36	87	70	19	85	84	27	45	38	76	69	78	57	61	39	15	10	50	5	26	89	52	35	32	43	90	81	73	83	41	2	48	24	97	93	86	60	30	59	46	75	98	65	14	82	7	20	95	77	12	42	9	1	56	92	25	67	34	54	68	55	94	17	8	6	47	51	58	63	23	79	44	18	62	28	4	29	96	88	3	13	72	37	31	40	33	16	66	53	22	91
22	86	56	21	73	45	11	55	42	6	93	2	10	33	27	58	62	23	69	36	80	15	59	89	97	85	76	98	9	75	49	78	77	79	70	57	88	5	8	30	14	87	82	12	83	91	43	50	41	96	68	17	19	20	16	61	44	47	24	60	99	54	4	46	32	92	25	74	26	64	81	31	71	53	3	51	66	48	63	84	28	18	37	1	34	65	100	40	67	95	7	90	38	35	94	72	13	52	39	29
100	72	38	45	98	11	35	55	30	17	89	85	67	93	78	58	10	41	66	56	69	28	6	36	14	46	47	1	84	90	22	7	95	87	76	92	54	77	31	86	57	97	23	43	9	70	96	27	62	81	51	88	37	71	20	13	50	15	52	61	33	65	34	44	32	83	80	19	42	26	25	39	3	8	68	4	53	91	75	2	49	21	40	94	74	48	79	82	24	18	64	16	5	73	99	29	60	63	59	12
97	42	9	64	36	44	12	96	7	46	15	39	50	76	6	20	48	43	100	26	49	92	21	91	30	67	18	10	70	47	66	34	89	84	99	82	3	16	62	95	33	25	98	52	75	74	22	1	73	78	45	60	5	86	88	79	68	23	85	27	31	38	65	32	4	41	71	2	29	24	40	57	61	54	63	94	51	35	17	59	11	14	69	77	81	8	55	80	37	93	90	28	72	87	19	13	58	56	53	83
35	38	97	39	72	76	56	48	4	49	52	51	60	22	10	17	36	91	11	46	25	62	13	82	37	14	69	34	79	81	93	2	54	94	71	58	63	64	57	19	87	68	67	28	99	61	53	43	86	16	95	15	9	90	65	30	77	33	41	42	92	88	7	50	80	89	75	6	74	8	31	45	29	27	85	5	100	66	18	78	26	84	83	1	32	12	98	44	73	96	20	3	55	24	59	40	47	70	21	23
56	94	10	24	45	92	35	31	65	55	49	16	43	86	85	40	41	15	93	30	79	96	83	28	12	22	80	46	37	5	54	69	50	42	64	8	20	3	6	61	7	33	27	67	53	78	77	74	23	58	18	52	36	32	57	75	62	14	13	44	73	72	99	21	91	82	100	39	4	26	97	90	98	95	38	17	63	59	9	71	84	11	51	87	48	1	60	76	34	68	29	47	81	70	89	88	19	25	2	66
23	82	21	29	17	5	3	65	68	94	1	46	73	49	77	10	62	99	41	32	76	19	81	30	79	42	22	95	88	16	38	86	4	93	24	91	69	54	15	90	75	71	78	56	83	33	12	11	97	98	63	57	53	96	27	39	40	60	58	52	36	55	25	43	59	14	61	51	89	100	35	31	48	7	13	18	67	84	74	9	92	26	20	72	50	80	2	8	87	70	64	6	34	85	45	66	28	37	47	44
80	66	47	18	1	4	78	30	42	69	43	97	20	95	93	94	56	54	72	5	27	21	59	38	15	89	74	6	81	28	19	86	83	26	57	85	16	49	29	37	45	23	64	51	92	24	12	84	67	10	32	53	46	79	63	33	36	50	100	22	7	62	82	71	3	61	88	35	75	11	58	87	17	41	55	13	48	44	98	39	34	90	8	9	60	77	52	14	96	91	73	65	25	2	68	40	99	70	31	76
76	87	59	90	35	52	82	88	60	36	53	50	84	46	65	41	3	22	32	83	93	98	77	54	18	17	38	81	72	63	6	7	89	13	4	23	42	31	9	47	66	67	96	11	12	28	48	64	74	91	19	15	21	80	62	20	24	26	71	51	44	43	29	70	5	99	57	61	33	58	94	92	40	8	79	73	97	69	100	86	1	10	55	95	39	85	56	68	25	75	37	16	14	45	34	2	78	27	49	30
68	69	74	58	15	65	3	17	70	96	100	61	57	90	11	64	46	59	10	18	98	36	78	71	33	9	73	32	34	62	91	7	53	84	2	97	40	63	37	44	24	6	20	92	54	30	80	87	26	43	82	4	89	38	8	76	39	22	35	52	75	56	12	29	95	45	23	31	21	86	27	5	42	99	83	50	28	67	60	79	14	16	25	94	66	51	81	88	41	1	72	19	93	49	47	77	48	85	55	13
10	64	3	29	57	82	35	67	12	70	73	40	78	76	19	52	66	11	16	38	91	98	87	44	28	6	7	25	37	26	71	5	14	88	23	77	94	58	1	21	39	30	84	24	47	72	75	63	95	99	65	18	8	86	89	92	100	33	96	50	49	81	62	22	42	51	34	83	27	54	9	85	36	48	80	61	59	60	20	46	43	68	31	79	2	17	55	74	15	97	53	13	93	4	56	41	32	90	45	69
1	43	54	30	36	85	93	4	61	38	47	40	78	50	88	18	34	48	25	99	7	75	63	62	57	94	73	95	31	16	76	35	15	44	28	53	97	2	65	22	32	100	33	58	91	74	71	96	77	9	24	59	3	39	41	92	37	6	83	98	72	90	5	80	82	17	69	23	67	11	14	56	86	51	66	29	89	21	52	27	81	68	13	12	19	55	70	46	42	26	84	10	45	20	49	8	79	87	64	60
62	32	79	35	84	53	71	59	21	82	25	29	4	68	18	51	2	22	88	8	31	73	24	9	28	47	49	30	44	48	83	17	93	65	63	33	78	92	55	14	80	81	90	40	66	86	43	5	50	20	13	56	64	75	39	97	69	89	16	45	10	94	34	96	19	72	27	58	98	99	74	23	36	7	91	61	100	3	41	11	37	57	42	12	87	67	6	54	76	46	70	38	95	52	77	15	26	60	1	85
57	48	16	43	97	3	69	89	85	28	14	45	56	59	38	20	31	44	82	98	35	90	96	6	63	2	26	73	24	80	93	41	78	49	51	88	100	21	23	1	94	62	17	7	92	74	11	72	39	99	67	32	37	58	65	53	76	86	30	42	29	77	75	13	36	9	87	79	71	84	34	50	15	33	70	66	54	52	5	60	25	95	91	40	55	83	47	27	61	68	18	10	22	12	81	64	46	19	4	8
24	97	21	87	73	82	61	66	77	55	56	59	78	13	80	7	69	53	84	29	5	49	33	95	62	37	63	52	65	83	22	16	51	27	48	70	26	32	9	36	92	35	67	100	43	74	19	3	44	1	14	31	91	10	39	50	93	2	45	81	86	47	94	89	11	99	79	25	38	12	8	90	64	76	75	28	57	20	23	46	71	58	72	88	17	40	15	6	60	98	42	34	41	96	18	85	54	4	30	68
32	21	74	25	52	46	22	88	44	39	31	5	61	29	96	19	71	15	48	24	70	2	43	80	93	59	89	86	3	4	51	28	55	47	38	10	82	37	36	17	33	27	87	12	18	7	6	92	90	30	98	100	20	81	68	97	50	8	62	45	69	95	91	1	79	60	63	75	76	9	65	35	85	57	72	34	56	67	26	23	14	11	41	78	77	64	42	94	40	53	84	13	54	49	58	66	83	99	73	16
63	78	16	51	75	99	46	13	60	34	76	100	86	95	17	12	90	21	52	50	14	31	97	73	92	26	70	91	81	1	25	77	36	64	27	43	39	15	57	53	33	2	8	6	42	58	9	35	98	4	94	45	88	23	40	93	38	56	67	68	82	55	29	83	41	59	89	24	44	72	54	62	30	18	5	65	10	96	61	32	47	11	79	7	87	66	84	22	71	3	80	69	85	48	28	37	20	19	49	74
24	89	14	79	50	63	17	81	36	68	55	82	32	85	25	100	84	21	95	30	35	74	91	6	15	44	65	27	76	99	46	23	60	31	98	69	75	78	70	43	92	16	90	94	33	67	39	53	49	4	58	80	61	8	19	73	18	88	86	11	66	20	28	64	40	26	45	52	57	41	77	56	7	12	37	3	9	71	5	34	1	72	22	10	97	96	59	29	13	2	38	51	87	62	48	54	93	42	83	47
28	33	42	7	71	81	69	5	16	32	30	40	22	11	43	54	51	52	10	73	74	79	26	99	31	77	63	25	87	53	18	85	67	78	45	91	6	9	44	66	82	90	13	1	75	62	70	21	60	35	3	72	15	96	59	88	23	84	24	38	27	58	17	36	68	64	4	39	14	47	2	86	92	12	49	97	29	41	57	56	93	94	20	55	37	83	46	76	34	65	89	100	61	98	95	48	19	50	80	8
86	32	57	12	60	66	37	94	29	61	3	4	96	65	36	49	43	34	23	74	69	73	48	2	80	31	18	90	42	95	59	91	70	8	15	77	14	52	10	13	68	63	28	53	81	40	11	97	44	39	87	62	79	19	9	78	26	7	85	25	56	35	17	45	50	82	89	98	46	27	47	21	22	76	58	64	99	93	84	71	1	38	24	30	83	5	75	72	16	88	33	55	20	67	54	6	41	51	100	92
54	82	26	55	20	98	42	34	41	95	7	38	100	35	53	69	1	30	2	46	79	11	50	70	52	64	25	99	6	61	90	80	47	29	21	14	74	45	51	58	97	4	68	44	59	56	23	67	48	15	83	31	28	75	9	87	16	94	63	88	10	3	5	8	96	40	92	86	81	24	33	76	78	62	84	49	93	39	89	36	73	18	27	85	22	19	37	43	12	57	32	13	60	91	71	65	77	17	66	72
91	9	71	78	88	50	77	13	98	60	3	84	81	47	1	80	8	48	24	5	22	65	61	25	95	74	34	72	90	100	66	73	27	29	33	18	4	45	28	15	39	82	69	19	89	55	41	46	2	58	20	64	96	70	79	76	86	44	38	30	17	59	12	85	97	7	56	10	99	11	6	87	63	40	67	94	93	35	62	54	26	53	14	16	51	75	83	31	52	23	21	42	49	37	68	43	92	57	36	32
66	30	68	15	7	17	23	39	90	71	82	76	67	58	65	56	32	33	13	50	26	19	49	28	84	31	5	1	52	46	2	78	38	88	34	48	74	70	97	12	85	57	27	10	61	44	93	20	14	75	91	60	8	89	63	37	80	55	98	79	43	11	16	40	54	77	35	6	4	83	59	3	95	47	29	9	92	45	100	41	69	99	53	87	25	86	51	18	64	72	42	24	62	81	96	94	36	73	21	22
22	23	5	48	10	13	47	95	39	97	2	57	80	66	64	88	70	34	92	77	21	45	6	67	54	60	91	84	17	74	36	58	41	96	33	63	99	90	79	26	27	59	49	87	56	18	75	40	55	85	83	9	35	11	86	61	81	43	15	50	1	89	29	76	65	93	8	53	44	78	37	12	3	25	69	19	68	28	73	100	42	32	98	24	71	20	30	4	94	31	16	7	51	52	38	82	14	62	72	46
81	100	9	82	55	78	20	52	85	66	83	87	64	60	7	70	30	39	73	16	71	41	44	90	35	4	31	63	32	96	29	50	58	40	89	98	88	69	67	61	79	5	25	99	43	6	76	54	15	75	36	1	48	3	86	57	21	10	45	46	33	13	68	24	22	92	12	74	38	49	56	53	72	59	14	18	94	95	80	26	34	42	97	65	23	62	27	8	37	84	93	28	47	11	2	17	19	51	91	77
18	62	31	81	25	99	75	33	6	92	48	23	35	56	15	79	3	61	1	37	47	20	76	89	44	16	93	82	51	13	70	12	7	38	8	27	83	63	11	57	91	17	97	95	68	14	34	10	4	29	90	74	5	86	60	36	58	73	19	64	72	9	32	22	66	88	53	2	59	42	100	67	65	87	24	46	84	71	69	98	50	80	54	43	30	40	94	49	21	96	41	39	28	78	55	77	45	85	52	26
66	58	100	99	80	62	72	31	45	67	68	20	53	3	15	82	73	75	79	52	7	33	48	37	19	71	55	28	18	21	65	87	59	10	8	38	91	88	90	26	35	12	97	1	78	27	14	61	98	76	86	4	34	60	93	39	83	47	85	9	32	94	51	56	30	95	57	16	5	22	46	64	69	24	84	89	11	13	17	92	70	25	74	42	77	49	44	81	54	2	6	23	43	36	29	50	40	63	96	41
10	46	37	84	86	18	44	13	7	85	60	55	23	97	75	47	89	91	93	81	69	2	1	82	31	94	54	16	78	28	27	51	74	5	57	12	96	6	15	87	79	29	80	35	50	49	83	20	62	72	90	95	8	45	68	100	22	48	73	19	26	99	64	98	3	70	88	38	61	9	14	52	41	67	43	58	65	32	25	42	77	56	24	92	4	36	33	71	53	17	40	76	63	34	21	66	30	39	59	11
33	78	26	25	48	43	38	23	41	10	94	68	55	52	100	22	51	36	86	20	8	30	28	42	17	45	19	15	54	79	89	34	50	98	95	5	44	73	90	69	14	47	27	84	7	93	31	64	49	97	66	70	80	63	85	67	40	82	61	11	35	2	37	39	72	46	12	65	4	58	91	60	92	29	75	87	56	32	18	21	71	77	16	74	1	81	53	24	59	3	6	99	9	57	76	62	88	13	83	96
92	39	79	58	54	70	25	74	75	93	77	65	76	21	56	47	40	15	96	19	43	68	46	78	73	36	8	10	12	100	57	67	32	44	11	34	37	23	35	30	84	83	88	53	60	61	33	50	18	55	2	69	42	94	48	91	97	24	63	7	80	5	3	71	51	72	59	90	98	1	17	16	31	22	9	26	95	99	86	49	13	85	64	81	4	28	52	66	45	41	87	89	82	27	29	62	38	14	6	20
15	75	68	94	62	38	17	70	49	52	16	11	27	78	21	54	100	29	35	34	7	88	91	66	69	28	19	18	5	53	33	98	57	25	97	85	60	93	12	6	87	20	24	1	23	67	82	43	58	80	13	55	36	4	65	74	99	3	45	31	86	92	84	56	26	40	96	30	59	14	48	79	51	64	32	77	39	44	83	50	63	41	22	61	90	37	10	71	42	73	81	9	89	47	95	46	76	72	2	8
100	32	7	89	92	77	67	30	36	70	96	95	79	40	9	26	69	38	23	11	53	27	47	81	22	65	19	28	24	29	45	39	34	78	55	14	94	16	8	1	54	17	60	57	90	74	84	50	66	56	33	61	46	52	83	21	41	88	62	86	97	73	31	18	93	48	12	49	98	68	20	51	35	10	44	2	72	71	37	87	13	6	75	85	25	80	15	59	63	43	76	58	4	5	91	3	99	82	64	42
2	97	68	52	91	40	42	32	21	63	71	44	25	98	46	90	93	50	47	89	17	70	96	30	66	57	29	75	7	8	27	31	36	83	69	64	16	45	86	78	43	65	73	3	33	62	20	94	23	82	60	11	34	77	79	28	39	5	51	95	58	18	49	13	54	56	67	15	19	72	10	76	48	14	99	6	100	55	74	24	88	84	53	41	26	12	87	9	92	1	80	85	61	4	81	35	22	59	38	37
7	86	84	98	75	53	38	87	85	41	99	31	57	22	88	52	40	78	95	36	24	46	83	79	58	35	43	32	1	30	9	2	77	76	73	33	49	5	69	59	100	6	25	13	65	18	47	29	94	51	66	19	82	39	42	89	48	91	26	80	37	92	11	61	21	56	10	68	16	12	63	17	28	8	72	27	15	60	34	20	97	4	90	45	54	23	74	71	3	44	50	64	93	70	96	62	55	81	67	14
94	68	56	3	38	53	88	29	9	23	72	84	2	21	50	75	100	35	57	55	4	86	65	91	13	37	19	11	47	42	77	85	64	58	7	41	52	25	97	92	78	95	60	31	14	30	73	43	20	39	69	90	26	80	82	5	74	83	54	96	46	28	79	98	24	33	34	36	93	12	18	45	70	76	40	61	16	17	44	51	10	48	62	49	6	81	1	8	27	63	59	66	22	87	15	32	67	99	89	71
64	3	52	43	76	22	88	71	100	44	84	78	13	24	9	12	4	23	10	80	55	46	67	92	30	89	60	38	54	59	69	45	50	72	1	79	21	6	2	19	86	39	75	66	29	97	18	81	20	16	14	15	27	77	31	48	40	41	65	49	83	87	42	95	57	5	98	51	68	53	63	7	58	17	26	8	34	33	11	35	56	90	61	96	91	85	93	28	47	36	25	62	73	94	74	82	32	70	37	99
36	94	11	93	3	15	18	39	62	5	30	85	86	26	41	49	27	25	69	51	100	81	19	67	61	83	21	68	89	1	91	74	54	52	14	17	10	34	66	95	45	40	20	48	76	88	32	70	44	72	37	92	8	2	7	80	71	31	79	28	38	6	58	84	87	4	73	50	82	63	78	64	75	12	42	47	33	99	46	96	55	35	57	29	98	9	23	53	16	22	90	77	59	65	13	60	24	56	97	43
28	39	77	44	31	10	95	20	9	91	66	8	82	37	19	89	88	55	67	49	87	78	25	41	79	69	43	81	32	22	56	4	61	40	3	83	24	21	99	7	85	30	18	34	2	15	54	57	23	90	80	50	13	60	16	98	70	75	64	38	52	1	65	47	26	12	14	53	93	5	96	33	27	59	29	42	11	92	58	94	46	45	86	76	62	84	73	35	68	48	74	17	72	63	71	6	51	36	97	100
95	74	98	32	41	48	6	71	66	38	60	65	43	47	16	28	12	76	5	55	34	8	26	21	94	42	56	100	46	27	72	9	85	63	23	39	92	97	50	83	1	90	45	88	87	69	20	57	40	67	86	75	68	58	91	73	96	84	61	82	33	11	89	31	59	22	99	93	49	62	17	4	18	70	51	24	30	44	19	54	77	10	3	29	37	80	2	36	13	7	78	81	15	35	25	79	14	64	53	52
74	67	6	82	48	65	25	98	55	17	83	44	100	70	41	9	71	89	86	37	95	2	49	22	20	28	14	68	75	91	29	26	32	72	79	51	11	60	33	1	90	38	93	64	92	87	94	63	54	19	12	84	80	39	69	45	16	15	40	85	18	56	47	57	27	52	36	23	30	58	7	50	42	78	31	76	8	4	13	99	62	3	81	46	59	43	66	96	53	88	77	24	5	10	61	34	73	35	97	21
96	19	82	25	23	94	92	49	1	61	59	6	71	58	79	12	50	73	9	97	66	26	48	33	84	15	32	76	72	13	35	74	51	46	24	47	56	27	77	55	3	87	78	5	28	89	37	99	30	14	81	29	2	64	8	34	42	31	40	90	17	86	22	70	36	11	16	41	69	100	43	52	67	4	63	62	95	98	60	93	57	85	75	53	38	68	21	7	10	80	45	54	39	91	88	83	65	20	18	44
24	82	55	20	63	28	30	34	73	71	44	89	41	96	23	61	85	57	56	72	4	78	13	7	5	77	70	2	53	91	99	49	50	35	45	93	12	46	58	66	94	11	8	37	33	17	9	80	83	86	51	65	29	64	25	3	43	67	75	10	59	87	98	100	54	36	95	18	1	26	32	40	38	68	97	79	62	84	14	47	52	6	39	21	88	90	81	15	76	19	48	60	16	69	74	22	42	27	31	92
69	47	73	63	52	48	75	80	32	58	4	9	14	30	6	11	20	70	51	19	33	34	82	35	97	38	59	57	85	96	8	17	68	43	61	41	37	7	79	100	72	39	90	67	25	50	56	18	94	53	60	23	10	76	83	13	55	88	62	49	84	99	26	3	98	15	36	71	12	28	93	78	92	27	89	45	44	64	66	31	42	2	5	1	21	29	81	40	24	16	22	74	46	87	95	65	86	91	77	54
65	69	10	21	68	52	100	81	55	8	70	79	51	74	18	60	40	67	17	9	78	42	90	19	54	83	15	7	33	93	85	46	56	82	73	91	5	31	26	32	77	50	43	27	71	58	97	87	28	30	44	2	14	36	94	62	98	20	45	3	61	37	89	38	13	53	24	29	57	35	6	1	64	34	25	86	84	72	92	66	88	95	11	99	59	96	75	48	80	49	12	16	39	23	76	63	4	22	47	41
45	93	3	76	56	26	1	53	81	10	59	95	40	62	87	13	18	71	65	32	28	83	97	86	35	49	33	55	70	15	85	6	54	47	38	51	27	82	52	46	91	72	73	69	5	43	42	9	64	39	84	60	41	12	80	16	14	11	21	23	92	31	17	8	74	77	75	29	98	2	24	90	78	100	66	68	25	22	48	79	7	44	61	4	37	63	30	99	96	20	57	89	50	67	19	88	94	58	34	36
83	2	5	58	81	95	43	94	90	82	59	76	93	44	84	77	34	31	33	63	18	11	54	98	14	20	71	80	12	10	92	7	61	4	53	45	46	69	25	88	17	16	19	56	41	26	86	57	64	74	55	66	42	32	30	85	49	73	47	8	37	9	100	22	96	28	48	24	79	97	27	78	29	67	23	87	91	72	60	6	52	75	36	21	39	38	70	62	99	50	13	51	68	65	40	1	15	35	89	3
30	62	20	91	52	85	38	48	36	45	12	5	14	3	88	74	15	37	26	22	16	57	80	84	93	39	75	100	83	35	11	53	61	41	9	95	64	97	67	34	27	54	6	58	43	55	68	47	46	60	29	21	51	8	82	99	7	98	78	33	92	65	73	63	40	44	1	50	19	28	81	70	71	25	76	66	87	17	79	90	2	10	13	56	32	89	42	59	86	18	49	77	4	72	96	94	31	24	69	23
15	38	59	87	78	88	80	51	7	99	6	71	10	11	2	12	37	84	21	27	5	83	35	1	81	74	86	98	72	40	68	36	90	69	76	18	31	20	55	25	75	54	89	64	50	32	63	52	58	85	41	56	65	93	91	23	30	4	9	3	44	45	28	96	17	42	94	95	82	53	8	39	24	43	34	100	62	26	70	73	57	97	33	14	92	60	48	22	16	66	61	77	49	47	19	46	13	29	67	79
19	42	7	26	76	56	3	20	92	84	28	38	12	31	10	60	43	23	41	66	11	80	25	5	44	94	68	8	51	49	65	81	46	9	52	61	6	50	33	69	21	78	74	91	22	67	88	47	24	100	95	18	15	71	57	64	29	72	45	32	86	37	55	27	14	73	62	17	83	82	4	40	70	35	2	77	59	79	48	99	1	98	13	90	54	89	96	58	53	39	97	16	30	63	93	75	87	36	34	85
46	35	2	37	50	68	47	69	89	92	43	21	84	51	66	70	31	44	45	17	20	74	30	15	93	87	41	23	73	59	77	94	48	67	53	19	3	12	38	63	18	54	96	26	36	13	42	56	52	4	85	28	64	88	82	58	39	1	40	24	10	29	32	25	78	65	76	98	91	79	8	16	72	81	95	80	61	11	14	100	60	7	57	27	75	86	49	71	97	33	83	34	99	55	6	5	62	90	22	9
25	17	87	50	80	88	4	68	30	39	71	76	44	60	21	42	13	64	56	2	78	95	14	34	1	63	8	19	92	83	38	72	32	89	26	43	94	5	96	35	74	61	9	46	82	6	24	98	66	18	20	45	99	93	29	86	90	47	69	84	36	75	15	52	70	77	28	48	22	3	37	27	55	53	57	10	33	40	7	79	11	97	81	12	73	58	16	100	41	67	59	54	91	65	23	31	62	51	85	49
82	6	86	58	40	73	7	31	52	67	95	76	39	46	28	10	94	81	85	84	98	37	22	38	9	3	15	44	72	71	74	70	18	47	30	2	65	36	99	1	13	43	14	96	69	49	79	97	63	64	55	91	16	17	29	77	88	57	4	23	20	24	80	100	5	68	42	54	89	35	41	45	60	33	51	78	34	12	50	8	59	21	66	75	62	90	53	56	19	93	48	26	92	61	87	11	32	83	27	25
29	47	76	48	41	81	61	38	7	58	52	64	57	9	59	84	37	33	39	35	66	51	82	97	67	62	72	22	8	11	55	85	28	86	80	95	53	74	26	77	3	54	46	2	89	94	70	6	93	42	65	14	36	73	100	23	56	24	25	19	90	79	83	87	63	27	91	96	10	4	45	43	1	31	18	60	50	20	32	21	34	78	69	88	30	40	12	17	71	68	75	92	99	15	13	16	98	44	49	5
84	45	73	64	44	33	12	46	87	19	43	6	28	91	21	13	100	74	79	59	48	30	29	7	94	31	98	57	40	86	71	51	24	93	41	80	88	36	17	78	58	14	1	55	10	69	35	76	68	32	67	52	75	90	5	92	85	56	11	53	27	95	50	83	42	72	62	4	65	77	26	3	60	66	82	38	96	20	34	23	81	15	54	99	22	49	39	47	89	97	16	37	9	8	18	63	2	70	25	61
15	35	38	40	6	96	22	88	25	32	29	70	49	3	26	94	83	27	51	23	18	79	2	81	42	84	66	76	20	92	90	16	11	19	86	44	59	69	30	31	33	36	80	93	67	78	21	82	37	64	52	74	24	77	54	13	65	100	45	48	43	8	68	1	91	63	28	53	61	39	73	60	72	71	95	47	41	89	10	62	97	7	55	75	57	46	58	98	17	99	4	50	87	56	85	34	14	12	5	9
12	84	67	65	73	24	58	16	27	23	41	48	8	87	49	9	60	18	31	88	11	3	96	82	83	46	70	54	35	29	10	59	7	66	21	64	28	63	4	99	47	78	19	81	92	26	52	13	39	94	45	2	43	91	61	32	62	79	85	56	15	86	95	69	22	74	37	33	17	14	71	89	20	90	55	44	30	93	40	38	98	5	80	57	53	36	76	100	6	75	42	72	68	25	1	77	51	34	50	97
50	17	24	71	46	27	95	16	61	63	43	14	87	85	20	22	39	42	32	98	26	8	40	77	2	10	41	73	21	68	66	1	29	78	28	34	89	18	13	90	12	62	67	72	31	91	4	45	37	79	52	80	86	88	51	47	55	25	35	23	75	53	93	74	59	81	58	92	96	84	57	36	5	56	44	65	97	100	19	9	30	54	76	3	99	15	70	94	33	6	49	69	11	60	83	38	64	82	48	7
77	44	9	8	26	64	48	35	94	96	84	55	61	50	83	72	100	46	67	7	14	81	36	88	11	4	62	16	49	2	3	97	10	54	75	19	47	76	99	28	91	21	79	22	70	86	52	42	38	18	29	92	98	57	56	33	80	90	6	17	32	59	82	25	58	74	51	34	40	37	27	13	87	85	30	68	93	31	24	20	78	1	63	60	12	95	43	23	69	73	89	65	15	39	53	5	71	41	66	45
45	16	51	40	81	79	6	47	21	19	99	18	54	5	60	83	96	15	35	82	52	89	49	32	41	63	28	9	70	44	90	64	91	3	62	43	33	8	1	75	84	23	66	50	31	39	59	61	56	26	97	95	4	53	85	34	13	11	80	65	67	55	76	17	2	37	72	92	71	29	27	73	42	22	30	46	87	86	24	94	36	14	100	10	38	69	93	7	74	25	78	77	88	12	48	68	58	98	20	57
80	68	96	65	19	50	66	28	45	84	79	85	53	10	13	25	62	49	88	81	41	8	34	95	78	73	30	55	44	83	89	27	90	99	22	23	17	76	21	37	33	20	43	39	87	61	98	75	72	51	69	15	91	7	18	9	6	2	54	59	40	86	92	70	94	82	4	93	63	14	67	32	16	74	1	42	24	26	77	11	36	71	60	52	38	47	57	46	29	64	3	56	58	97	100	12	35	48	5	31
70	43	36	86	96	74	46	52	71	88	95	38	63	68	44	14	8	6	22	4	81	59	28	90	35	80	89	20	72	49	61	7	83	18	3	82	32	98	11	75	51	85	64	13	56	73	60	94	77	40	93	39	25	23	91	65	87	69	58	97	50	34	79	48	31	1	78	24	19	37	30	9	54	47	55	62	67	12	45	92	99	53	66	16	29	17	33	76	41	57	84	21	42	5	26	100	15	27	10	2
83	63	16	6	75	44	28	91	14	76	42	29	81	61	57	15	13	85	24	99	30	60	100	32	37	95	26	22	31	43	68	54	94	66	38	48	90	78	8	86	52	55	79	11	33	19	73	50	58	51	56	69	77	80	96	93	23	27	21	71	82	89	5	25	20	67	72	74	10	62	97	87	35	3	49	46	88	98	41	34	1	12	36	2	9	64	70	92	47	17	45	7	84	40	53	59	4	39	18	65
51	21	12	40	36	38	9	89	49	98	52	65	14	7	19	13	95	50	69	76	48	44	31	82	81	24	11	34	2	8	6	63	35	18	37	10	3	39	47	72	62	56	85	25	60	86	27	67	16	77	46	58	96	84	90	91	66	75	28	33	32	53	22	87	42	20	45	80	93	88	61	15	17	97	41	92	74	71	54	26	23	5	99	68	59	57	73	70	29	43	1	64	94	83	30	79	78	100	55	4
98	60	16	83	73	9	31	58	57	75	65	22	21	48	61	56	2	27	74	7	66	86	17	1	39	76	70	44	69	97	19	24	18	53	87	8	82	94	20	52	34	49	96	45	64	43	11	91	36	15	5	88	80	67	25	46	41	68	84	72	12	79	13	55	62	90	50	28	30	89	77	3	10	71	63	78	35	51	99	33	4	47	81	40	32	26	92	100	85	38	37	29	23	42	95	6	54	59	14	93
92	64	26	85	80	22	83	75	94	74	97	29	95	12	1	24	30	33	57	61	52	14	18	45	51	66	37	62	58	48	8	13	98	35	55	59	82	15	72	70	2	69	47	42	34	21	91	88	6	40	16	100	17	38	41	44	56	46	5	49	20	10	63	54	76	32	9	78	60	3	77	31	39	4	96	53	28	86	68	11	90	43	89	73	27	99	19	71	25	79	84	23	93	50	87	67	81	7	65	36
76	66	55	34	33	50	93	26	78	9	94	12	74	44	58	69	24	88	8	87	13	97	71	90	4	35	85	2	96	77	72	22	23	64	11	80	84	20	39	92	7	28	49	67	1	51	75	19	38	70	29	91	27	45	54	6	17	61	68	63	82	32	36	37	42	40	21	3	57	89	56	43	10	60	25	5	62	14	30	15	18	65	83	98	46	79	52	95	53	99	47	48	59	31	100	81	41	16	86	73
87	50	12	76	84	94	48	71	89	28	23	59	92	72	36	11	95	22	77	17	65	91	32	16	97	55	79	5	68	54	8	73	99	57	64	4	9	13	52	40	88	7	18	93	14	98	43	82	69	42	1	51	80	30	66	62	81	86	56	46	75	29	44	37	85	100	3	61	15	49	38	45	63	24	47	39	58	70	67	33	53	6	21	78	25	2	83	27	20	96	26	35	90	74	60	31	41	34	10	19
55	42	6	37	51	56	94	78	32	47	35	3	24	40	81	62	25	50	16	95	90	33	69	5	66	13	48	34	27	52	61	85	57	84	19	70	65	67	45	44	41	11	99	8	75	4	29	15	30	54	63	12	77	39	46	86	71	92	72	68	83	79	98	97	31	73	26	7	100	10	93	1	64	80	59	49	14	22	9	76	20	21	43	18	58	38	23	91	17	88	36	89	82	28	87	74	60	2	53	96
58	98	4	7	29	99	15	16	27	73	49	54	39	55	62	37	75	92	11	1	70	34	53	89	68	78	88	30	84	26	14	3	69	66	32	80	17	76	41	64	51	85	65	93	50	100	12	28	61	36	25	45	8	40	63	97	56	57	47	91	94	42	60	2	18	19	43	44	96	13	72	9	23	79	86	81	67	20	48	6	77	24	90	83	5	52	21	71	35	22	31	10	95	87	82	38	74	33	59	46
74	12	96	36	9	56	87	51	76	11	14	7	88	21	29	99	38	68	65	25	39	64	66	63	18	53	84	62	90	71	34	97	42	100	10	8	55	81	79	24	92	77	61	15	19	85	43	89	16	20	44	41	95	13	26	49	91	27	4	23	50	98	58	60	35	93	46	80	33	70	48	22	32	54	83	40	1	6	59	31	67	94	30	73	2	57	52	82	28	86	17	78	72	47	3	5	75	69	37	45
16	33	97	36	100	24	65	38	48	41	45	55	94	75	50	71	6	42	44	46	32	17	63	93	66	59	52	98	2	77	18	12	5	70	72	40	68	37	74	78	13	81	57	7	58	26	15	99	21	22	92	83	49	90	76	95	3	89	64	27	87	85	79	35	34	28	4	47	23	10	1	25	11	20	14	54	88	62	96	51	29	60	82	8	43	67	9	31	73	30	86	61	39	69	53	91	84	19	56	80
70	100	61	71	25	53	49	77	36	86	52	45	66	43	51	7	83	1	84	58	57	55	22	21	82	15	19	9	73	47	76	24	5	56	11	67	31	37	85	18	65	98	8	16	54	35	40	29	10	89	3	17	80	75	28	88	46	38	95	12	14	68	6	27	91	33	2	99	72	59	69	93	34	26	42	62	39	41	96	30	79	97	20	50	90	92	81	44	60	74	32	63	94	13	48	64	4	87	78	23
19	24	72	1	67	63	14	41	40	51	17	3	95	76	45	70	49	35	91	30	68	86	66	44	84	98	58	28	92	33	32	74	47	90	31	69	21	54	88	25	56	89	20	8	10	75	52	13	15	29	83	73	38	11	9	53	61	82	80	16	26	97	5	18	42	62	57	71	12	7	46	43	50	48	99	94	64	59	4	34	27	36	81	2	78	93	22	6	39	100	85	60	87	77	23	55	96	79	65	37
49	46	30	59	85	16	38	72	45	79	42	43	93	18	81	41	64	77	3	70	25	94	27	88	99	76	24	7	17	15	51	86	78	53	19	37	63	96	10	80	92	73	9	13	52	50	68	54	100	22	65	89	29	55	48	5	69	87	28	39	34	98	26	95	23	33	75	14	56	58	1	6	91	36	74	11	61	62	12	47	82	35	40	83	32	2	71	21	90	84	97	8	66	44	67	4	57	60	31	20
24	13	72	48	64	96	61	84	51	75	2	94	88	83	8	40	87	39	86	36	42	67	18	32	82	71	49	65	79	69	27	5	68	4	25	80	28	1	46	43	9	54	22	100	7	74	57	10	50	78	35	6	56	45	15	14	17	38	85	60	73	20	47	77	34	91	55	30	63	76	53	70	16	58	93	26	89	29	66	23	41	92	33	31	52	95	97	62	12	90	3	98	19	11	44	37	81	59	21	99
85	53	49	77	8	41	82	19	60	92	39	23	40	35	68	63	95	58	64	62	91	93	51	28	20	65	67	9	78	97	56	99	72	81	4	34	76	50	15	59	29	46	30	37	98	11	55	32	47	84	83	38	43	94	26	31	7	96	6	100	74	17	66	48	57	54	16	52	73	75	21	33	3	71	44	22	88	87	80	42	61	79	36	18	70	86	69	25	1	13	10	2	24	90	89	5	27	45	14	12
95	80	30	68	99	59	79	24	6	41	74	53	23	51	22	70	77	21	49	19	65	4	32	96	100	83	69	89	94	43	97	27	34	84	60	28	87	20	26	33	75	5	35	48	38	13	82	15	18	36	16	7	50	2	90	86	17	73	9	58	85	52	37	12	63	45	42	10	3	91	31	40	93	67	92	62	78	72	14	54	71	47	81	8	39	64	98	1	88	25	46	56	11	76	55	66	61	29	57	44
99	57	5	77	31	61	12	92	82	23	52	58	65	68	95	85	93	22	62	79	40	9	74	17	8	64	26	39	55	94	100	21	76	60	25	49	63	3	67	89	32	35	28	15	14	46	56	59	75	80	7	30	1	2	53	16	97	51	42	41	50	96	38	88	4	70	66	87	11	54	13	69	43	47	24	10	44	86	72	19	20	37	78	73	34	81	90	83	84	27	36	33	6	98	45	18	71	91	48	29
28	48	63	30	86	47	68	19	12	53	59	62	46	51	18	31	36	82	11	80	55	34	78	88	37	16	58	20	10	13	94	8	54	100	96	42	15	56	69	60	24	85	84	49	93	7	83	57	70	76	50	91	95	33	73	17	29	14	77	67	3	26	92	9	71	98	64	79	44	75	41	66	61	81	22	97	40	5	23	90	6	21	74	2	1	38	25	27	72	52	39	99	35	65	89	87	45	4	32	43
51	63	5	75	79	16	3	17	26	49	38	20	93	18	87	32	29	70	40	86	23	19	33	43	34	59	76	53	52	50	98	35	2	46	67	10	48	92	66	55	31	30	1	97	8	69	61	60	54	6	4	82	100	15	96	62	13	24	39	12	71	44	81	88	14	89	11	84	68	37	21	72	73	45	47	22	36	27	90	83	80	77	78	28	85	95	7	64	25	41	65	57	42	58	99	56	9	74	94	91
95	15	50	3	20	8	67	55	80	47	61	81	21	12	87	92	5	39	36	33	34	44	59	75	28	4	89	29	91	35	23	24	7	65	70	18	88	84	22	6	90	19	43	52	94	27	100	16	57	69	32	56	60	63	72	99	66	40	17	14	97	38	46	62	25	93	51	49	54	64	42	26	30	13	1	74	76	58	10	86	41	82	79	96	45	77	83	11	37	85	48	71	68	73	98	2	53	31	78	9
94	2	10	71	16	42	54	20	5	88	82	70	18	39	31	50	48	78	85	13	12	87	28	86	29	6	4	83	22	95	8	77	56	55	11	34	15	1	25	68	73	3	9	63	69	17	96	58	99	66	46	92	43	65	57	32	97	24	14	59	52	37	74	44	80	79	60	84	61	76	36	62	21	64	93	72	91	19	98	100	67	41	35	30	26	51	75	7	90	89	47	38	81	33	45	53	23	49	27	40
77	37	9	69	97	94	14	15	96	7	93	82	66	38	45	95	39	57	59	5	40	27	26	71	36	13	51	31	42	2	54	83	87	78	65	62	25	74	30	98	20	91	47	46	90	50	49	8	56	28	12	64	11	4	10	75	53	32	63	70	58	67	6	48	88	33	84	85	68	86	61	3	21	89	52	24	99	43	80	79	60	41	92	17	29	44	76	35	18	23	55	34	73	72	1	100	81	19	22	16
85	28	8	88	26	34	43	89	64	99	45	29	17	1	91	39	74	77	7	72	19	38	12	66	57	83	98	11	3	92	36	5	24	10	87	75	65	30	90	40	100	52	21	95	82	97	60	48	79	56	76	4	73	84	59	6	55	61	67	32	53	20	58	69	50	94	63	27	80	86	33	44	81	2	78	62	35	18	15	41	46	49	16	51	31	23	22	54	70	71	47	9	25	13	14	37	68	96	42	93
90	99	39	88	12	31	94	96	41	58	24	74	62	85	18	64	46	4	67	80	27	2	70	30	11	86	68	13	77	76	56	57	51	10	1	32	48	66	43	25	59	95	50	73	16	52	49	75	22	63	19	89	26	98	28	38	83	93	20	53	78	3	84	34	14	36	60	5	8	23	29	69	61	54	65	47	91	45	7	71	55	35	9	79	87	81	37	33	72	21	6	100	44	82	97	15	17	42	40	92
17	30	55	59	52	16	86	61	39	46	54	98	43	44	10	65	78	57	5	26	60	7	29	63	93	47	42	4	2	68	76	85	96	84	35	72	11	62	94	90	88	28	81	23	36	100	83	75	34	89	49	41	40	67	87	79	20	24	25	48	97	32	66	74	15	13	8	9	12	33	51	99	80	82	22	19	45	58	27	21	73	92	56	38	18	50	37	70	91	14	71	6	53	77	69	95	3	31	1	64
6	80	20	73	84	79	82	25	7	75	11	15	57	94	99	83	55	37	60	52	53	58	12	5	67	74	54	29	41	24	95	1	33	77	17	45	51	85	89	18	23	92	61	34	35	4	72	39	36	43	30	40	38	13	26	91	100	64	97	10	76	78	31	86	56	71	48	90	96	49	88	32	47	62	50	8	16	2	42	70	93	68	27	28	98	14	22	87	81	19	69	9	21	65	44	63	66	3	59	46
