100	100
26	15	36	33	14	30	34	18	39	36	25	34	19	36	25	21	37	19	18	17	15	27	18	23	11	22	34	37	17	30	39	23	16	35	35	34	32	27	38	40	11	13	35	20	25	17	15	25	20	34	14	14	19	30	27	12	11	27	33	40	23	39	39	18	34	21	20	14	11	40	18	34	39	34	11	32	15	14	12	14	38	38	12	30	38	15	30	12	38	36	16	20	40	28	13	30	29	29	32	34
14	22	37	26	27	23	40	22	20	20	23	14	25	25	39	31	32	39	26	38	14	27	15	22	19	37	37	33	22	26	34	24	29	18	14	40	23	23	26	40	19	33	17	32	17	32	23	38	18	28	21	26	16	15	31	20	20	40	37	11	39	33	13	23	17	19	13	38	21	25	31	28	40	17	21	28	16	26	28	33	23	20	19	39	33	26	16	20	34	32	15	38	23	20	22	17	35	12	32	32
22	39	35	30	34	34	36	23	23	24	15	18	32	37	20	17	26	22	38	29	39	27	16	14	24	11	32	34	12	24	19	31	38	25	24	20	21	11	13	27	34	17	29	20	20	24	32	22	12	25	27	27	36	28	25	12	32	30	29	11	24	37	21	31	37	38	39	19	34	12	15	36	23	30	33	21	39	18	28	26	11	29	18	23	27	11	23	20	25	35	13	27	22	16	32	27	20	22	21	11
19	15	16	39	22	40	28	40	25	21	31	27	18	39	26	37	29	27	25	26	24	30	20	24	35	14	18	28	21	11	12	22	38	15	17	40	38	28	40	25	23	22	23	27	28	37	37	11	39	22	12	19	31	12	26	33	35	32	13	23	15	23	34	31	22	28	29	35	32	29	36	33	29	16	18	34	16	16	17	40	27	21	33	25	15	25	17	24	13	23	33	35	40	38	38	34	27	25	39	16
19	40	20	23	34	18	25	17	13	16	33	28	25	20	14	26	31	11	14	32	17	31	11	31	12	32	13	22	26	22	15	19	24	22	40	18	32	18	32	30	18	33	24	29	14	28	12	19	31	26	21	29	38	38	28	37	18	11	19	24	35	23	28	13	14	39	11	37	28	22	12	16	16	33	27	20	38	30	22	29	31	13	26	19	37	31	36	27	21	11	37	24	13	33	39	14	20	39	32	26
31	24	17	20	20	20	15	19	23	13	15	33	16	38	26	14	16	29	33	25	25	15	30	29	23	16	36	25	34	16	35	22	37	32	13	27	20	30	13	29	21	15	14	15	19	18	21	37	27	13	18	35	21	19	40	15	11	31	28	34	31	39	40	36	27	28	27	21	33	29	11	13	31	26	31	28	21	11	11	13	14	34	33	39	20	14	32	17	24	35	39	33	34	39	30	22	35	22	32	33
39	15	13	40	18	20	33	21	37	19	17	37	28	27	18	33	35	32	15	25	14	27	34	25	39	23	15	27	19	37	32	38	11	39	18	22	37	16	23	12	32	36	31	28	36	33	37	32	17	22	35	16	36	15	40	33	11	33	13	21	24	14	12	17	18	27	27	15	34	11	29	20	17	28	13	25	25	13	19	24	39	20	37	18	29	31	34	34	39	39	38	36	26	24	12	11	12	35	18	37
15	21	26	33	22	12	31	19	34	25	30	40	38	14	25	33	31	36	32	40	34	36	25	21	23	36	25	24	34	17	36	35	38	35	33	38	13	29	29	22	16	28	31	28	15	36	40	22	16	37	14	24	16	35	18	11	21	23	35	26	39	32	15	23	24	11	31	34	37	11	33	22	22	12	11	18	17	27	14	17	34	15	38	19	37	25	34	20	33	30	37	38	36	13	32	23	31	21	28	12
16	23	28	29	24	28	34	25	28	13	19	33	24	26	16	33	19	30	29	12	24	32	11	31	30	18	15	40	23	15	11	16	13	26	32	33	20	33	34	32	34	22	31	21	19	22	34	18	35	14	26	30	18	27	27	17	18	24	27	39	13	18	15	13	40	16	24	35	11	32	14	22	26	37	40	26	15	32	25	38	23	35	21	38	11	32	36	24	14	16	11	24	28	21	18	34	18	13	30	33
23	31	35	13	18	39	16	18	38	29	39	20	14	11	29	36	20	31	37	30	16	33	39	14	26	19	15	38	19	12	31	13	25	22	24	19	32	22	11	21	20	35	28	12	38	22	15	12	20	40	25	13	20	22	33	36	36	12	13	28	16	26	38	17	29	25	33	35	28	33	27	27	16	28	18	39	31	39	13	33	15	25	12	18	30	11	35	28	33	21	27	20	11	34	30	22	37	30	29	23
29	36	11	36	23	24	32	27	25	38	39	29	26	21	37	39	30	21	26	32	23	22	36	11	35	11	18	27	25	16	37	18	25	38	30	28	27	13	33	28	35	12	25	13	29	26	20	34	27	15	24	23	15	27	16	31	18	24	12	37	11	26	37	24	22	18	22	12	16	33	35	37	31	11	17	36	30	39	29	27	12	23	21	21	27	19	13	18	28	26	24	36	17	36	31	33	19	28	18	21
20	38	16	40	37	19	17	28	25	11	34	11	18	11	38	38	14	37	27	31	11	38	19	33	13	17	13	27	28	24	24	33	39	15	36	26	31	28	18	33	29	34	25	27	28	18	40	18	29	14	27	11	32	40	20	36	24	35	27	20	12	31	27	26	25	21	37	36	14	13	30	16	24	13	11	19	17	22	33	11	32	22	12	25	29	34	14	21	13	37	28	17	21	25	36	37	32	25	25	18
40	21	24	35	23	19	35	35	36	20	21	35	25	36	14	26	21	12	21	21	27	38	23	28	40	19	22	27	36	19	34	15	31	27	16	21	23	23	30	14	23	17	28	40	28	23	32	13	27	16	27	14	15	37	24	28	30	19	32	15	29	12	14	25	14	28	17	33	40	34	33	18	12	24	32	30	17	15	36	27	15	22	30	19	13	39	26	39	19	37	14	40	36	39	13	12	20	22	33	36
31	20	33	22	18	35	40	21	26	37	26	36	33	15	33	15	16	34	39	15	26	27	24	32	13	32	40	15	25	32	39	24	28	18	31	31	31	25	25	13	26	19	18	33	17	24	24	35	25	27	17	39	29	17	35	15	26	25	18	35	21	14	30	22	15	27	40	13	21	19	24	19	13	22	16	17	19	11	18	30	18	35	22	16	39	32	27	33	31	38	12	40	21	37	35	30	36	32	38	31
25	34	14	37	20	33	17	40	37	32	20	38	13	18	34	33	22	14	25	29	11	26	39	23	21	15	26	26	22	20	14	27	28	11	23	25	22	40	14	29	27	24	32	35	30	36	13	31	21	38	36	32	28	18	33	17	26	39	38	14	24	20	36	25	24	20	19	19	17	31	18	31	19	27	11	36	14	32	16	34	12	19	40	24	26	35	25	27	18	22	27	17	40	12	23	36	19	35	22	12
32	38	20	39	12	12	23	36	17	26	14	38	21	33	24	36	40	30	33	28	27	17	33	40	38	11	39	17	36	39	27	35	24	25	12	28	13	12	38	30	11	30	21	39	16	31	30	19	12	37	24	26	26	32	28	20	36	12	13	36	17	11	39	11	19	40	17	39	27	39	11	28	32	12	18	15	16	39	26	16	28	40	31	12	16	35	40	11	18	27	27	35	23	33	14	31	15	17	16	25
31	17	18	17	26	16	31	12	25	22	35	27	37	37	40	26	24	22	26	26	32	12	18	12	36	40	37	38	26	25	31	25	14	38	27	33	38	19	23	27	32	18	27	16	18	27	27	24	22	37	29	20	23	20	13	12	15	13	35	16	13	28	19	13	35	40	35	28	25	17	31	37	21	36	18	34	30	13	20	16	22	32	32	26	19	40	38	13	32	35	14	33	33	40	20	14	36	19	33	34
17	16	40	34	11	22	24	39	21	15	37	27	13	16	26	34	33	40	35	31	31	27	29	12	25	37	40	38	35	16	20	11	15	31	27	23	25	11	40	21	38	28	29	31	34	38	34	21	35	34	28	19	32	17	19	21	14	36	34	13	33	11	28	16	17	15	32	12	34	16	30	19	13	37	40	16	33	22	40	26	17	12	25	31	14	35	15	40	17	34	26	27	40	15	18	26	17	24	22	17
39	22	16	27	35	40	21	40	40	30	29	21	15	28	31	33	36	35	21	33	27	27	13	27	23	14	29	37	39	40	31	16	36	14	33	19	12	20	25	39	39	15	14	35	27	38	15	36	28	18	37	20	37	40	29	21	31	30	15	16	39	20	26	39	26	25	35	40	36	12	37	30	20	25	11	28	29	14	11	35	32	14	28	11	36	35	26	35	13	21	34	13	31	34	31	14	23	24	37	11
26	22	12	11	12	33	40	12	32	20	15	25	19	39	30	14	20	37	34	34	22	12	26	34	34	38	25	24	35	21	38	29	38	21	35	31	14	31	19	18	37	33	11	32	18	33	24	18	37	38	25	40	35	38	27	28	40	40	32	22	13	34	26	17	16	20	35	21	24	33	12	14	16	15	22	29	27	29	20	15	38	40	27	36	13	18	20	27	38	12	23	13	32	16	25	17	37	22	37	14
37	12	37	37	35	31	28	29	25	31	28	33	28	11	30	12	15	27	35	36	31	31	32	32	32	36	33	25	37	24	32	39	32	11	22	28	12	16	19	20	29	14	36	21	35	11	16	21	15	11	29	29	35	36	30	36	17	11	11	40	36	20	27	16	37	23	33	30	32	40	13	20	30	31	16	27	38	32	22	34	16	38	17	34	16	24	14	30	23	20	21	22	17	36	15	18	39	23	13	39
18	35	38	23	27	37	29	19	29	13	27	34	34	14	26	32	37	28	39	29	28	28	31	40	36	20	24	16	30	30	11	13	26	37	18	29	24	14	39	25	21	15	18	20	35	40	11	36	13	28	39	39	28	37	36	37	29	18	13	22	11	33	21	29	39	27	22	40	33	11	35	29	27	23	11	17	36	27	30	16	18	33	21	39	39	38	38	26	22	17	36	14	33	28	14	36	17	17	17	33
23	39	27	40	33	27	33	32	33	40	21	21	14	28	15	32	36	40	31	29	19	37	36	24	20	27	26	20	30	24	12	28	21	32	28	11	19	14	12	33	37	13	20	37	19	16	29	29	30	22	15	35	34	11	16	26	17	13	16	19	19	24	40	21	40	15	24	21	14	24	30	24	37	16	28	28	22	39	15	40	11	33	25	36	17	28	13	12	19	12	30	16	39	15	14	14	31	35	12	22
29	22	18	36	17	25	20	29	15	11	29	29	11	22	31	31	18	38	26	12	13	14	15	19	30	12	30	15	17	18	22	38	37	20	28	39	19	21	17	19	15	21	30	32	36	16	24	22	33	39	30	35	13	37	40	39	34	34	34	20	13	29	24	17	19	27	17	38	37	40	35	16	23	26	12	19	19	17	20	16	24	11	35	32	21	11	24	29	17	36	21	40	30	34	17	27	34	19	24	31
18	29	19	28	13	11	16	36	20	15	30	26	12	24	31	25	27	30	36	35	23	23	26	28	29	11	32	18	32	26	37	13	20	12	34	33	31	25	17	24	40	37	22	24	14	18	24	39	29	33	13	17	16	29	31	18	14	24	25	30	18	22	24	17	40	37	27	27	18	26	13	38	33	26	11	27	26	20	31	22	36	18	35	11	13	28	15	32	20	25	20	28	25	23	11	32	37	11	17	21
17	16	38	33	21	12	38	24	19	20	16	36	34	39	30	32	37	40	35	22	34	27	16	25	26	11	23	20	20	31	17	26	35	12	39	22	21	24	35	32	35	12	23	21	21	29	28	30	21	38	23	18	20	20	14	22	20	31	35	35	16	25	13	30	21	13	25	27	18	14	31	14	40	33	34	11	27	33	36	26	29	29	39	28	26	14	30	28	38	28	38	20	13	20	13	28	39	17	29	32
19	13	12	27	39	23	35	12	22	40	33	26	12	40	21	27	32	36	17	13	13	17	34	26	24	36	34	16	18	36	13	19	40	19	29	14	22	31	36	36	22	28	39	34	21	31	32	36	19	34	35	40	24	20	11	22	37	21	17	11	19	21	20	21	15	33	31	20	28	35	30	40	28	19	20	39	23	34	23	13	40	19	19	33	17	39	32	36	13	29	15	34	19	39	24	40	37	25	23	16
17	38	29	30	19	24	23	29	24	14	30	26	33	31	28	38	11	26	18	34	25	37	20	40	22	17	33	14	19	21	30	13	29	34	24	29	33	31	23	36	28	11	30	15	34	31	36	14	23	14	18	22	38	27	22	27	17	15	14	37	38	25	31	35	38	30	35	14	23	29	28	17	20	24	38	24	34	17	26	26	13	24	15	22	23	28	16	35	23	19	32	19	20	37	29	14	38	15	34	31
17	16	23	15	38	15	38	31	36	23	15	30	32	17	33	22	22	19	37	14	17	18	40	34	28	15	21	29	20	29	11	12	20	25	31	36	20	16	23	21	39	11	16	40	15	23	39	12	28	29	14	32	27	26	32	20	39	36	14	19	32	17	40	30	36	13	11	27	38	27	15	28	30	17	28	19	12	22	30	12	31	34	14	26	40	37	14	25	24	27	40	25	35	35	20	20	35	32	38	17
21	33	26	22	28	21	28	37	13	15	24	32	25	31	24	35	36	38	17	38	12	40	30	40	28	19	22	12	17	23	29	27	40	39	21	31	12	39	39	29	27	14	14	34	20	23	27	36	16	35	27	26	15	12	18	30	38	33	36	20	38	30	19	24	27	31	32	25	31	20	25	34	38	38	29	40	27	28	16	34	33	11	13	11	18	22	40	26	21	29	30	35	37	35	14	18	19	30	22	29
11	16	22	36	11	30	12	31	40	17	30	28	37	11	26	21	32	15	12	23	25	21	21	29	30	37	19	18	32	34	36	24	31	11	25	12	39	14	35	17	11	29	21	32	15	23	15	18	15	12	38	29	18	23	19	26	23	23	33	32	24	22	14	17	11	24	33	40	11	20	33	21	32	36	20	21	28	23	24	24	24	28	15	20	16	16	24	11	35	32	24	19	14	28	40	21	20	17	25	36
34	36	18	18	35	35	21	28	28	27	23	12	24	33	18	11	33	24	12	23	12	27	37	38	38	20	23	27	14	31	23	18	25	26	37	18	18	12	36	24	11	39	30	16	18	35	19	33	27	22	19	32	21	25	38	23	30	12	28	34	15	15	36	19	14	22	29	11	20	11	32	11	21	26	25	39	29	23	23	18	20	40	25	31	38	32	18	19	24	14	39	13	21	33	29	11	23	28	36	13
30	21	30	27	34	20	40	27	17	38	34	13	32	40	34	31	15	28	32	39	35	15	29	17	31	20	35	37	16	15	27	36	26	34	22	16	22	36	20	14	25	37	18	21	25	40	18	16	16	11	35	11	37	21	24	22	30	21	26	39	27	31	21	13	11	23	17	32	12	17	26	26	31	18	30	25	26	15	33	35	24	17	19	28	24	30	36	34	37	13	21	40	19	33	29	36	28	26	30	27
32	11	15	25	21	39	16	26	11	34	36	36	38	19	20	14	37	26	17	15	18	37	15	32	40	20	14	25	29	33	33	40	13	17	12	25	14	31	33	22	35	32	40	29	34	20	25	36	12	18	11	30	18	13	25	21	32	19	35	20	30	11	30	29	26	21	21	15	36	17	17	19	18	25	36	11	15	15	23	40	30	32	23	27	39	14	32	30	31	20	16	24	12	23	40	16	16	26	11	21
33	15	33	12	25	37	18	36	28	39	11	32	34	28	11	13	33	22	34	13	26	28	33	32	28	34	40	27	26	16	31	21	27	21	17	12	25	28	30	35	33	34	24	31	16	17	26	38	30	14	23	26	23	15	22	27	22	31	28	37	18	36	28	22	27	28	29	20	21	37	21	33	23	30	15	28	28	12	18	32	40	37	13	11	30	21	29	28	37	37	19	32	11	34	11	33	36	29	22	30
36	11	21	39	26	11	17	32	32	37	33	35	33	27	34	31	21	34	15	25	14	29	32	16	19	39	14	18	11	40	33	36	33	26	26	40	21	32	36	17	25	22	34	22	32	19	14	17	20	24	24	33	25	19	18	27	39	33	19	39	32	25	18	23	27	40	24	20	21	40	26	37	36	16	13	24	16	22	25	37	40	22	38	30	35	29	22	17	31	13	40	38	28	38	34	28	35	36	21	25
19	19	17	24	13	18	29	30	14	23	12	31	28	18	34	17	35	19	16	30	14	28	25	29	23	30	18	15	15	30	39	34	34	29	27	11	11	32	40	35	29	38	31	37	29	17	14	34	14	18	32	19	32	29	16	24	30	32	35	28	19	23	27	26	23	39	13	18	31	20	25	22	16	17	38	40	28	33	20	24	26	19	26	36	16	15	33	34	36	34	25	40	16	21	24	34	12	22	12	35
18	36	33	15	15	31	28	12	17	29	38	11	26	32	35	40	12	13	37	26	16	18	37	28	11	37	16	34	21	36	27	14	16	30	34	39	11	13	32	28	15	38	35	12	21	28	21	34	18	23	30	21	15	28	14	25	19	16	29	18	27	20	22	12	14	18	16	13	29	23	13	33	19	40	12	25	16	40	24	26	16	40	24	30	38	15	14	14	31	21	13	35	25	23	21	36	15	20	36	13
31	12	20	24	17	24	24	25	36	15	20	20	20	20	16	37	36	34	39	33	13	30	16	18	20	18	17	18	23	32	32	14	40	37	24	14	20	14	21	15	24	14	15	37	40	33	23	21	12	26	33	34	31	40	40	39	32	35	33	31	15	14	21	22	12	29	22	15	38	32	24	25	22	22	14	13	11	26	21	28	23	33	11	26	14	27	40	40	26	35	36	33	35	21	14	23	19	23	24	25
27	24	32	11	23	21	23	24	27	38	28	26	34	18	38	31	15	18	33	37	16	37	30	30	22	40	19	30	37	32	25	24	35	21	32	31	16	26	29	28	26	40	34	19	35	38	34	13	35	16	19	35	26	24	17	33	18	39	33	25	27	16	18	34	35	29	23	18	25	29	30	12	18	13	18	29	12	13	17	21	27	27	30	17	25	32	38	29	23	19	22	18	34	17	12	11	29	28	35	22
21	39	20	14	18	21	30	26	26	20	15	28	36	37	35	18	12	19	32	37	26	31	31	21	30	15	39	38	26	16	23	32	13	37	25	17	17	16	22	11	22	37	15	34	22	25	18	28	27	27	31	33	39	17	32	14	31	13	34	15	35	32	26	31	23	30	35	40	14	21	27	20	37	13	14	26	11	38	20	29	17	19	29	14	12	39	33	38	18	36	22	23	34	32	15	23	13	36	22	20
14	21	35	32	24	23	16	40	35	28	38	22	28	33	17	40	37	23	12	18	16	34	18	40	37	40	18	18	28	15	34	30	22	18	16	23	38	21	21	24	27	26	24	16	34	34	37	34	31	11	32	14	35	17	12	28	24	22	29	16	17	19	22	25	15	11	22	36	20	32	19	21	40	34	24	27	36	35	29	35	33	32	38	24	16	31	29	22	20	30	21	24	14	21	18	11	20	31	27	14
22	29	24	11	26	22	13	25	28	40	31	38	22	14	21	35	37	28	13	30	37	37	16	25	22	36	34	17	16	30	40	23	18	18	32	17	26	27	21	38	36	13	19	30	28	23	22	15	35	23	29	30	39	25	12	25	22	27	33	37	26	21	35	22	27	27	29	32	28	14	11	13	32	13	29	24	17	25	30	11	27	32	27	36	35	24	14	17	40	32	31	34	35	38	19	30	17	26	21	37
20	26	24	12	33	20	29	31	31	14	32	21	28	27	35	22	16	21	11	40	26	30	11	18	21	37	32	36	20	13	16	27	22	27	25	26	21	21	34	22	24	40	26	32	31	34	31	16	28	17	35	28	23	27	16	18	29	18	12	31	27	26	29	35	11	30	20	11	24	11	14	39	14	39	21	37	40	28	33	38	23	19	12	26	38	23	35	16	14	24	34	24	20	20	14	12	14	22	34	40
21	15	29	34	22	29	14	27	29	35	37	14	31	20	34	16	28	18	25	40	27	37	35	39	18	21	18	28	23	38	26	15	21	16	26	21	12	19	39	14	23	33	26	28	19	35	31	25	31	40	19	28	32	15	17	28	37	21	14	40	40	33	38	22	27	30	24	34	11	14	28	16	22	17	40	14	38	25	35	15	30	13	22	21	31	24	29	22	31	32	12	24	38	30	21	25	11	36	24	36
37	36	33	36	20	11	34	23	11	21	14	40	24	20	36	36	34	14	33	18	19	31	13	38	30	31	38	27	15	16	29	16	18	24	31	23	30	24	22	22	18	27	31	17	38	40	23	19	36	17	29	18	15	24	16	38	12	31	13	11	34	17	16	40	40	33	32	25	40	21	38	34	29	27	31	32	15	36	25	27	13	13	19	40	20	39	33	25	35	27	29	40	18	25	26	13	29	22	14	19
25	37	30	11	30	33	34	34	20	23	35	21	17	12	18	21	40	26	37	12	26	27	40	39	31	38	26	24	23	36	33	37	32	31	13	13	12	18	21	29	38	13	19	28	16	32	27	40	13	21	15	30	27	11	29	12	14	26	29	24	27	35	37	19	19	32	29	26	21	25	20	40	20	28	21	35	24	11	38	31	17	20	25	29	14	23	27	25	36	29	35	14	35	37	30	15	17	19	14	28
32	35	15	38	24	32	18	31	14	20	39	40	21	13	32	31	18	40	36	21	37	40	11	40	35	34	24	38	30	18	23	24	38	33	23	27	14	15	13	11	39	25	13	17	12	40	36	15	28	16	39	25	34	32	24	28	25	25	14	23	20	30	11	17	14	38	25	36	16	12	26	22	27	36	29	14	20	29	34	34	18	11	20	39	18	15	24	38	39	37	40	19	17	17	23	19	34	33	17	38
23	38	14	33	27	25	33	40	28	11	11	29	22	38	34	27	29	14	37	16	18	36	40	40	22	17	31	25	21	26	38	27	25	35	34	39	21	34	13	32	35	31	20	13	20	29	19	23	35	11	20	13	21	30	16	28	25	13	40	26	15	24	35	26	26	37	33	22	15	38	29	13	35	26	34	16	20	11	24	14	14	18	16	17	32	27	13	22	13	15	22	34	39	16	21	20	25	24	18	40
38	14	31	39	11	27	37	24	14	13	35	23	36	29	14	18	36	37	33	21	32	31	15	30	21	16	16	14	31	31	23	14	26	11	17	12	36	25	40	27	12	37	14	21	36	23	12	21	15	14	21	16	26	18	21	30	12	26	25	14	28	15	11	32	35	32	36	38	34	17	11	31	40	14	37	28	15	35	40	17	21	31	14	39	17	13	14	18	38	24	35	18	18	38	32	13	13	29	38	34
36	13	24	23	16	13	38	38	30	30	23	37	36	11	19	19	31	31	32	38	28	12	25	37	19	40	25	27	26	31	24	40	24	29	19	21	13	28	11	35	15	36	19	36	25	36	22	17	39	21	39	29	37	25	27	12	28	20	19	19	33	34	38	23	15	37	32	36	12	13	16	13	39	17	21	17	37	25	34	21	24	25	21	36	19	39	14	21	19	33	23	24	39	36	31	29	26	32	22	37
21	17	29	31	13	30	28	14	20	32	14	30	40	15	15	20	33	28	22	20	29	25	26	18	37	23	23	12	15	40	25	25	28	38	19	25	33	22	19	11	24	39	21	28	39	22	26	40	34	25	21	25	13	12	34	29	37	26	24	27	24	27	26	23	23	14	37	25	23	22	29	35	17	19	14	19	11	19	14	32	27	12	40	15	19	33	40	36	30	24	23	12	31	30	16	24	25	11	11	23
40	40	14	37	35	40	26	38	38	40	37	20	16	39	40	28	11	38	22	16	30	15	11	18	18	30	24	31	12	25	17	31	11	38	11	36	36	35	13	11	39	13	26	16	29	34	34	39	13	14	31	12	27	14	12	13	14	14	23	33	32	36	36	22	17	20	12	22	14	14	31	15	18	34	24	12	15	25	15	38	40	13	31	39	37	22	30	38	19	33	27	23	31	25	24	29	20	25	29	24
12	24	30	23	15	22	20	26	40	37	15	29	34	14	16	27	12	16	40	14	37	31	32	21	14	17	26	33	19	27	32	31	17	18	33	39	14	40	31	35	14	31	34	16	36	34	16	40	35	36	21	37	22	25	11	34	16	34	17	30	15	17	19	16	32	26	16	32	15	13	28	38	24	27	16	33	14	27	35	32	39	18	36	38	36	22	11	24	40	12	19	38	11	11	30	38	25	40	34	12
27	31	18	24	31	25	37	13	34	27	37	36	27	34	35	34	26	34	35	24	28	26	33	30	25	34	29	39	16	24	19	33	36	40	20	13	19	18	18	22	21	31	31	37	35	31	30	31	30	30	38	34	18	28	28	27	37	38	24	24	11	23	17	26	11	19	20	29	25	34	33	24	18	28	14	36	12	13	25	13	16	17	38	12	14	39	12	26	22	27	29	36	29	32	34	37	20	13	21	15
17	20	14	23	13	17	16	19	21	12	13	32	28	35	31	12	39	13	21	39	28	34	31	31	23	11	31	30	32	38	36	15	24	30	24	25	31	34	34	29	33	17	29	17	28	20	29	12	23	16	22	31	32	19	26	29	34	31	17	16	34	24	21	21	25	33	35	26	17	33	18	30	28	37	13	30	40	20	34	33	14	33	21	23	40	37	26	27	23	33	25	15	39	14	37	29	27	17	18	24
32	31	15	17	35	30	17	15	29	39	15	26	11	23	31	19	38	33	31	34	16	29	19	29	17	23	35	11	31	24	36	31	17	19	38	20	23	25	14	15	20	36	37	31	31	36	39	14	32	36	40	34	21	16	31	21	15	16	14	15	33	15	40	12	36	28	17	20	27	32	27	30	34	20	24	31	22	20	11	11	14	37	26	28	25	22	37	19	11	39	28	40	23	21	21	24	23	24	20	11
39	38	28	21	35	33	15	39	13	27	23	18	39	39	37	17	27	34	13	19	12	33	35	19	40	13	35	19	14	24	34	39	16	22	21	13	19	26	21	30	40	29	21	33	11	35	25	24	13	27	35	23	34	36	35	12	32	35	24	40	15	14	26	19	25	12	16	18	18	11	28	16	22	17	22	33	27	24	40	16	15	15	14	36	13	27	23	11	19	36	14	36	13	19	33	19	27	31	23	15
38	23	34	20	16	18	26	19	33	33	20	30	23	30	11	21	24	17	31	13	11	30	32	40	26	14	28	20	20	26	11	30	18	21	15	33	34	19	25	24	14	32	16	40	11	27	25	28	22	31	25	37	30	38	34	18	28	31	22	34	32	33	21	27	15	39	18	12	32	22	12	30	31	23	15	27	34	15	20	28	16	40	23	28	33	12	38	39	23	23	27	14	23	27	35	15	20	38	21	19
29	11	33	18	35	12	26	26	24	16	22	17	18	32	19	28	26	23	11	18	23	12	24	27	23	27	27	26	38	37	30	23	24	40	28	35	28	19	24	32	16	39	19	15	15	29	40	11	11	31	31	13	13	24	32	34	38	26	17	11	17	38	21	33	26	27	15	37	18	26	11	22	27	34	17	38	13	13	34	31	37	24	15	15	19	34	34	37	34	33	19	34	38	24	26	34	12	29	33	16
23	33	32	11	15	14	17	32	37	26	13	29	18	33	36	23	22	40	23	38	29	39	29	30	38	30	29	15	31	31	21	16	22	13	18	29	27	27	36	25	34	12	18	11	21	25	30	20	38	39	17	15	25	29	27	40	20	29	16	14	35	32	32	16	17	27	39	23	30	27	38	21	26	40	23	14	12	38	12	22	16	28	17	40	14	34	34	19	27	11	16	32	32	19	15	39	24	36	12	40
17	26	18	40	11	13	33	32	24	11	29	34	40	17	36	30	17	19	24	40	22	24	15	20	20	16	19	20	36	34	15	11	21	24	20	38	38	39	19	20	20	11	21	33	28	23	20	34	21	24	36	17	18	39	16	20	24	15	20	20	29	40	20	21	30	13	23	17	22	23	30	38	25	39	22	22	40	21	36	39	37	17	33	29	36	24	18	16	29	26	32	17	26	20	32	22	18	35	40	37
25	18	23	27	38	32	16	32	13	31	13	22	14	19	35	30	26	20	17	17	17	27	15	29	27	35	32	37	40	23	25	32	39	24	24	39	30	13	21	31	16	27	26	38	28	17	28	18	23	16	19	24	19	34	14	34	33	22	30	15	28	29	31	34	16	35	31	32	40	36	14	27	38	37	30	32	30	12	22	24	21	12	40	13	11	25	21	25	40	35	34	39	36	34	26	15	33	26	23	37
19	16	17	14	39	36	35	31	22	25	17	28	20	38	25	18	19	15	22	20	32	25	29	22	38	18	35	18	21	33	22	30	15	23	20	37	18	19	17	37	18	15	17	22	29	36	11	32	22	23	29	35	37	20	24	40	31	29	32	12	11	15	19	33	26	16	25	16	28	16	23	21	31	11	16	19	12	18	21	32	25	11	16	39	26	17	26	39	16	23	38	37	12	17	36	26	39	36	40	34
23	32	32	30	23	29	17	27	21	14	21	13	18	39	15	38	16	35	33	33	36	33	33	37	32	11	30	34	17	29	28	26	40	19	38	30	38	36	11	27	21	21	33	25	25	11	22	14	24	24	16	13	39	15	20	12	11	18	17	27	26	29	15	28	11	24	35	13	22	15	14	35	19	38	19	12	33	29	21	26	13	19	27	20	13	17	31	30	14	37	18	14	37	33	13	16	15	37	22	34
14	22	19	39	33	29	26	24	26	23	12	39	29	40	35	28	16	29	27	24	23	25	31	33	18	29	16	14	13	35	17	27	16	30	21	21	39	21	21	27	14	35	30	36	29	32	28	19	32	36	27	33	33	38	29	33	12	17	27	28	24	22	37	12	20	13	26	11	32	34	14	36	19	22	28	11	38	34	39	17	14	39	17	25	29	28	14	13	21	14	23	39	14	38	39	21	23	18	31	39
24	24	26	33	26	27	15	35	24	27	21	38	38	34	19	23	18	26	23	25	27	28	39	37	13	25	35	14	28	27	35	24	13	11	35	13	21	11	22	21	25	31	31	24	12	21	40	26	26	33	31	36	23	30	13	38	31	19	15	40	17	37	11	11	15	39	31	25	18	38	38	28	22	21	40	40	28	36	32	23	21	34	12	37	40	18	13	26	33	25	31	30	17	38	16	23	27	32	13	30
31	39	30	12	36	25	35	35	28	37	25	22	32	27	28	29	11	17	15	28	35	34	14	40	34	39	32	33	20	26	17	37	17	15	17	32	27	16	39	33	25	30	18	15	30	15	28	32	40	40	16	40	12	17	13	37	39	32	30	39	15	14	17	25	15	20	21	23	37	33	32	28	13	35	28	11	31	29	14	30	29	38	34	32	22	27	26	27	22	11	22	18	32	32	27	38	15	17	26	15
25	19	27	32	37	26	31	23	39	26	11	24	25	13	18	20	38	14	14	35	22	29	38	15	13	30	11	14	29	14	11	36	29	13	18	11	17	18	27	38	29	11	29	22	24	16	24	29	11	24	27	28	35	32	14	11	13	36	20	34	31	39	14	17	13	35	28	37	16	17	12	40	20	24	26	23	40	30	15	30	25	27	26	28	23	39	14	34	16	18	27	32	32	39	12	37	18	24	18	18
17	26	26	12	14	16	40	11	13	35	29	14	19	35	18	35	35	30	20	28	32	21	30	31	17	40	35	25	24	34	21	36	38	26	39	24	39	23	26	38	25	13	21	34	37	34	12	23	27	15	39	11	37	40	11	39	21	22	32	24	13	34	12	30	24	36	29	28	33	16	25	40	12	29	25	33	28	40	15	25	28	22	18	34	12	12	14	20	25	39	22	25	35	20	32	22	11	39	22	14
13	13	28	25	32	15	30	23	20	18	22	32	15	21	30	33	12	23	31	37	18	38	18	31	30	37	38	27	35	11	29	19	34	30	30	22	19	23	22	19	30	25	17	28	25	24	31	33	14	29	23	13	13	40	37	24	12	30	36	29	23	25	26	19	27	23	16	11	23	14	18	38	33	36	30	26	39	32	12	28	11	40	16	24	20	28	37	36	14	12	18	22	32	25	25	15	30	29	24	11
16	32	26	25	25	23	19	33	40	19	18	13	26	11	28	14	28	38	20	15	26	40	39	24	33	26	26	40	37	27	25	21	31	22	25	12	17	38	35	38	29	14	17	38	35	20	32	27	17	13	39	28	36	29	29	33	37	38	17	18	21	12	35	15	20	27	19	13	31	35	18	37	29	21	25	33	30	26	22	32	15	26	13	33	21	36	27	17	33	27	24	38	35	25	30	11	13	35	29	16
35	18	23	21	18	27	24	37	16	34	31	39	18	23	13	26	30	36	25	40	21	17	11	17	24	39	39	13	21	31	40	26	23	16	18	30	40	22	26	14	24	12	19	13	33	21	15	35	23	15	33	27	12	35	29	34	11	38	27	14	34	30	32	29	38	34	21	36	37	20	20	22	29	40	21	20	16	18	27	33	27	32	31	24	38	37	32	28	29	36	11	38	21	22	40	17	14	26	20	22
28	20	12	16	12	17	40	21	16	21	23	17	33	36	19	24	38	19	31	23	18	36	39	22	29	26	17	17	15	36	33	38	27	29	23	32	39	27	33	39	25	20	11	40	29	28	21	28	37	19	15	14	34	36	22	20	21	17	11	22	32	34	33	19	25	18	29	11	20	11	21	39	19	34	23	39	37	30	22	16	17	39	23	23	15	39	20	24	20	18	29	17	14	36	37	40	29	39	17	40
29	21	16	12	14	14	28	15	25	39	11	38	23	36	17	39	39	26	17	24	12	31	33	33	14	14	35	27	29	39	33	11	18	23	20	36	36	33	29	15	37	25	26	15	21	26	34	24	25	39	23	35	40	31	24	28	19	18	12	14	19	11	11	27	13	32	27	14	28	12	12	22	18	18	36	36	20	20	28	27	20	23	35	37	13	29	26	32	23	35	21	14	14	18	29	26	17	21	31	11
23	35	17	20	17	25	35	20	17	33	37	30	40	21	16	36	36	32	16	17	11	16	19	26	23	34	29	14	27	19	40	15	40	25	20	37	39	15	37	31	39	16	31	19	11	36	39	37	29	23	17	20	12	17	15	34	28	23	28	31	18	11	19	36	40	18	37	28	20	21	36	23	12	27	13	25	24	35	36	24	12	19	24	22	29	30	29	30	13	32	15	39	24	25	35	13	39	27	20	19
12	34	39	39	23	22	27	24	25	33	24	18	40	40	33	30	17	29	17	33	15	24	32	34	21	40	39	16	23	27	11	13	25	19	18	35	19	35	22	25	34	29	13	40	31	35	34	39	27	33	17	37	22	31	38	30	33	29	12	19	36	28	24	38	20	28	12	19	25	32	23	23	20	20	15	39	14	29	27	40	21	28	20	30	15	36	29	21	14	11	19	16	14	20	14	20	40	16	11	20
16	14	20	18	17	40	18	20	26	21	17	35	27	26	38	18	12	21	25	32	23	15	40	21	24	21	20	12	19	39	13	20	30	15	23	17	14	38	22	31	34	37	32	38	28	19	16	15	12	21	38	32	16	19	12	40	31	17	33	40	32	19	22	12	21	36	38	20	25	28	25	19	33	17	20	37	24	12	33	17	12	40	33	21	32	28	24	19	40	34	30	22	28	20	26	13	35	20	15	16
40	28	24	26	36	26	29	27	18	20	17	16	12	16	34	14	21	30	12	27	34	14	33	34	15	18	39	27	13	36	24	30	21	33	21	32	26	23	35	30	37	18	15	29	19	14	13	12	37	30	18	13	37	34	13	30	32	15	23	20	36	15	12	17	19	26	27	32	23	33	13	28	26	37	16	27	35	25	22	35	39	11	38	16	32	39	24	19	22	20	35	13	29	31	27	31	27	28	18	27
27	27	37	34	33	23	19	30	13	11	15	13	22	35	37	40	37	28	20	36	19	25	28	19	13	30	40	15	28	14	38	18	35	32	23	22	27	30	38	26	17	22	27	16	13	24	39	11	29	37	31	39	19	19	19	40	17	37	37	22	11	37	28	37	32	26	11	14	28	26	17	22	23	18	24	39	26	19	22	27	25	21	11	40	20	15	32	11	19	12	33	31	31	37	28	13	23	24	17	11
33	33	33	22	20	27	24	17	25	12	31	28	23	17	34	23	25	34	21	23	14	34	27	28	39	30	30	14	16	24	30	31	12	18	39	37	40	27	27	30	29	32	25	19	38	28	35	11	34	32	39	35	24	14	39	28	13	22	36	16	39	39	26	35	30	23	38	16	20	11	29	22	31	22	12	23	38	25	22	17	28	15	21	37	28	17	30	37	24	15	12	20	25	40	32	20	36	38	31	31
15	20	25	38	21	31	17	20	34	19	13	26	38	35	37	14	25	13	34	36	40	19	11	18	28	11	37	39	39	14	15	38	34	29	29	34	32	14	23	19	11	34	20	19	38	39	13	11	31	29	39	19	17	19	27	15	30	13	36	35	21	23	35	15	23	18	20	34	15	35	37	23	17	37	33	27	36	23	18	30	17	33	38	26	25	36	35	31	16	30	19	20	37	32	34	24	16	31	19	30
15	37	33	14	17	34	15	13	30	28	29	30	21	23	33	33	12	22	31	30	30	17	30	35	23	29	17	29	13	33	25	27	17	30	24	14	13	27	28	24	37	28	38	22	18	18	26	19	40	26	28	15	31	25	13	33	30	32	22	11	33	18	31	32	24	19	30	26	30	28	28	17	17	34	32	25	16	26	16	29	14	11	22	23	14	40	33	24	23	25	37	36	11	18	36	21	29	24	19	14
40	29	23	15	40	26	20	12	11	32	22	29	29	12	40	35	16	17	25	25	32	28	12	22	22	29	22	26	38	27	39	17	28	18	33	24	35	19	38	25	27	34	31	38	34	11	14	14	27	24	31	14	37	17	30	15	33	39	35	32	16	20	36	32	22	18	17	37	21	23	35	28	18	38	26	40	21	19	23	25	12	35	29	31	32	36	35	39	35	40	18	11	23	27	27	30	40	30	12	11
17	32	35	21	40	23	29	12	19	15	25	12	30	36	23	23	19	30	15	33	18	25	27	31	25	35	35	25	28	40	28	28	28	11	36	39	22	19	16	28	37	18	19	28	22	21	26	29	20	24	13	29	38	23	32	29	11	23	39	20	37	28	39	20	24	32	36	23	22	17	16	28	33	26	38	32	36	22	33	39	27	34	35	36	38	37	26	36	16	32	39	25	18	37	36	15	14	21	20	19
39	16	17	19	40	33	37	35	19	39	30	34	29	39	11	35	32	25	12	28	32	23	15	12	17	26	40	36	31	30	20	36	24	37	38	40	15	31	25	11	18	25	21	31	35	38	38	36	21	19	25	34	23	22	27	18	40	32	17	21	18	15	34	18	40	31	29	26	36	32	40	21	11	25	11	30	31	19	29	40	34	39	39	32	13	39	39	29	40	29	17	18	35	22	17	24	31	30	12	12
27	34	33	22	15	21	25	37	20	33	15	38	18	18	26	26	17	30	25	37	30	32	37	19	29	25	18	22	15	21	11	21	40	25	36	39	28	17	30	12	38	36	22	37	20	13	16	20	16	40	29	16	13	19	36	36	29	36	25	26	14	32	28	17	13	22	16	11	26	15	28	20	27	39	38	29	18	27	26	33	34	32	16	20	24	35	26	39	30	36	25	33	19	17	27	40	28	40	37	27
28	31	14	27	18	40	29	29	22	40	19	30	19	32	33	39	26	11	27	37	26	40	17	30	26	16	28	15	18	26	12	39	27	26	37	20	32	38	37	21	14	31	39	24	37	19	16	22	25	39	35	22	18	29	31	15	29	27	13	34	25	28	33	28	21	39	27	24	35	30	34	25	20	15	11	38	37	25	31	34	25	30	24	20	37	38	37	39	20	23	34	28	39	35	38	26	12	39	40	18
11	26	11	23	38	13	26	27	25	34	36	31	32	38	31	19	22	32	32	29	36	16	21	19	30	28	26	30	18	30	13	25	35	33	24	12	21	15	33	12	14	37	12	15	35	16	37	28	16	35	25	27	16	17	37	30	26	38	24	22	38	38	11	25	17	21	17	26	24	14	27	19	19	24	17	31	23	22	39	33	16	27	28	13	26	33	14	30	25	36	13	25	27	28	26	39	25	27	20	20
40	33	29	20	27	18	29	40	20	38	38	19	19	23	13	36	32	25	29	22	12	33	27	27	38	26	36	19	38	23	35	36	27	13	29	22	39	13	34	11	29	40	36	29	39	38	16	38	35	33	40	29	33	19	25	16	25	14	13	20	37	28	18	38	34	29	30	40	34	12	24	28	21	33	22	16	11	20	30	20	14	32	19	14	24	21	27	38	40	22	15	37	30	24	32	26	24	13	17	31
24	15	13	36	23	39	37	37	23	11	11	33	17	38	34	37	24	16	40	33	35	20	33	31	18	17	15	12	17	31	24	19	32	13	20	27	24	24	21	20	35	16	21	38	21	35	18	18	30	40	13	37	30	32	30	31	14	12	40	31	38	20	17	12	36	23	40	32	38	28	11	27	13	31	13	38	38	29	11	15	36	27	35	19	34	35	14	17	37	40	11	17	40	24	13	29	26	12	36	34
24	23	28	36	37	22	20	17	15	11	27	35	11	29	37	34	28	12	16	24	11	23	31	11	31	16	35	36	17	23	35	11	30	32	12	40	30	28	35	24	14	34	30	27	22	12	13	30	23	23	32	34	31	17	39	23	24	18	15	29	27	34	24	19	24	14	39	29	21	29	35	20	19	15	17	16	19	38	23	40	26	24	38	16	16	18	39	34	37	21	16	31	28	13	27	34	29	17	13	38
24	14	11	11	19	36	29	22	40	28	24	31	22	18	36	17	30	17	13	26	14	26	31	33	25	28	20	35	11	37	25	19	16	30	15	25	25	23	34	13	16	20	20	25	33	13	36	23	14	20	27	28	35	32	14	29	16	29	39	28	20	33	23	15	27	35	31	34	14	37	39	13	34	14	19	25	18	29	36	21	16	21	32	26	11	24	37	16	17	35	21	34	27	14	22	21	28	26	33	36
26	16	35	37	26	31	26	35	33	15	17	33	29	35	39	37	12	15	17	17	24	16	29	34	31	29	25	38	16	35	17	14	18	20	38	40	40	27	37	20	12	35	22	20	21	38	39	25	34	37	27	37	11	40	38	12	35	24	23	14	28	18	22	22	32	38	30	28	13	36	30	18	20	25	12	22	40	20	40	17	40	18	12	37	30	26	11	27	31	29	29	12	13	30	35	20	39	20	34	35
34	38	30	12	30	36	21	36	17	24	38	32	32	37	26	27	39	36	17	38	28	31	34	30	16	40	23	26	15	37	38	27	37	26	37	31	20	33	38	22	15	24	27	34	34	14	13	25	35	36	37	29	25	29	37	36	26	34	35	24	20	34	12	24	16	22	16	18	13	13	22	38	25	16	11	15	40	29	21	39	25	34	36	36	38	15	20	20	37	25	29	38	29	39	22	15	33	27	36	19
40	28	17	15	11	13	35	40	36	14	18	29	34	13	19	40	36	25	35	13	37	32	31	21	39	32	19	21	18	30	36	34	14	26	29	21	17	39	21	40	15	14	16	18	16	19	27	21	27	35	32	29	38	20	17	24	31	11	22	12	18	12	31	27	40	39	29	37	13	30	26	14	31	11	39	28	16	21	16	22	37	12	33	30	19	36	19	17	25	27	25	19	25	16	38	37	14	31	39	19
19	36	17	35	12	19	18	39	30	15	18	28	40	27	19	29	40	11	19	19	22	38	19	16	22	35	36	24	15	25	33	29	31	36	36	26	26	13	38	19	14	25	11	24	27	13	18	16	14	24	16	28	12	13	38	39	23	12	34	37	39	26	30	36	39	14	24	25	39	23	12	18	36	13	32	30	23	38	34	15	40	34	28	32	20	27	16	19	31	24	13	38	35	12	14	26	29	19	34	12
16	32	25	11	35	24	38	28	13	14	23	13	12	27	20	36	28	13	35	19	18	36	25	15	26	39	37	15	23	35	12	23	34	19	34	13	37	25	37	26	24	31	28	26	11	25	17	39	35	24	17	27	28	15	34	20	39	30	13	13	25	37	24	34	40	18	30	38	39	23	27	25	16	38	18	33	33	36	35	24	29	19	22	35	23	37	28	19	27	11	28	40	11	14	33	21	37	35	23	16
21	21	22	15	13	40	15	33	28	12	26	36	20	25	21	15	15	37	25	17	11	35	15	30	12	40	20	12	13	38	31	25	35	30	37	35	34	36	22	22	20	34	14	30	38	34	20	11	24	32	17	32	25	32	39	33	28	27	37	16	14	13	20	35	40	38	22	11	12	27	19	31	34	32	32	35	11	31	38	30	22	23	15	12	36	14	20	27	20	26	15	17	25	29	21	40	34	19	15	37
34	28	14	26	29	22	36	20	17	29	14	37	20	16	12	37	12	29	38	12	18	28	21	14	29	21	39	33	36	28	34	30	15	18	18	32	40	17	31	32	28	29	33	36	31	28	12	31	19	32	39	30	28	36	12	15	36	28	11	27	39	32	24	37	33	18	36	26	36	14	15	11	38	23	40	19	28	27	28	38	37	21	27	40	30	30	29	33	40	32	19	38	37	37	30	33	13	25	21	29
98	11	65	36	16	49	14	27	2	7	46	74	87	23	55	24	82	48	32	75	21	89	91	28	53	100	69	1	30	33	45	39	38	6	13	18	12	60	9	62	59	34	68	5	41	78	54	90	19	31	63	51	88	95	81	84	83	4	80	17	37	50	92	77	22	8	76	96	67	52	3	85	79	26	64	61	66	97	10	15	35	93	47	43	57	99	86	72	71	70	94	44	29	20	25	42	40	58	56	73
51	18	10	49	6	61	32	5	84	16	78	1	38	3	57	79	70	35	68	76	2	85	53	50	83	95	91	56	75	88	39	92	64	45	65	77	14	9	21	41	66	34	36	74	15	90	27	96	59	58	23	13	47	30	87	12	24	17	62	52	19	80	4	43	42	99	81	89	28	7	33	11	29	86	82	73	93	48	25	46	31	69	20	97	37	72	54	8	67	55	100	40	60	94	63	71	98	44	22	26
24	76	94	37	33	28	56	40	71	65	93	19	16	42	49	88	2	55	5	83	66	87	69	96	44	4	48	1	39	70	89	72	10	21	82	46	67	20	81	61	58	91	14	7	92	54	75	62	86	15	98	26	27	63	30	85	51	47	95	84	38	52	99	60	77	12	45	59	97	11	3	6	22	78	57	36	9	32	23	68	43	90	53	41	80	31	17	79	34	35	64	13	8	25	73	100	29	18	74	50
19	59	87	42	71	64	88	31	18	30	58	25	69	11	89	79	75	33	97	80	48	36	49	57	85	26	73	78	14	45	46	40	91	92	76	43	16	47	20	3	23	84	38	24	52	56	9	95	17	66	100	6	77	29	74	81	86	27	8	68	54	55	28	39	98	93	67	12	44	2	34	32	22	90	60	7	4	51	15	61	5	63	50	65	41	62	1	83	82	94	70	13	53	96	99	21	35	72	37	10
4	98	87	22	9	66	80	17	50	10	72	3	69	77	92	30	33	25	93	23	5	43	61	53	67	11	78	64	79	62	63	28	12	1	20	29	57	48	71	59	46	83	82	14	51	34	18	86	45	52	81	27	75	88	32	94	38	70	19	7	56	8	76	85	90	73	84	54	40	13	74	65	41	21	55	68	95	15	31	16	97	35	60	89	42	100	6	24	91	26	47	49	39	44	96	2	99	58	36	37
16	58	55	83	22	75	29	71	51	70	79	15	93	60	36	91	17	38	89	100	97	87	7	98	73	77	11	80	28	46	31	63	85	81	92	96	62	41	33	44	43	78	48	25	27	12	24	66	32	54	26	20	37	13	6	88	95	3	56	76	57	64	61	14	5	30	67	52	23	1	34	35	84	94	45	19	53	18	82	86	59	42	8	39	10	74	21	65	72	99	68	69	2	50	90	40	49	4	47	9
6	64	14	68	55	32	27	94	83	29	90	37	53	72	10	96	62	59	26	98	18	61	97	45	43	76	51	23	8	38	48	80	9	86	69	93	70	3	82	40	78	33	91	73	71	7	47	65	19	74	63	79	11	15	28	81	46	56	24	75	52	16	100	49	88	42	22	87	34	89	5	4	12	20	50	85	39	57	13	84	60	95	99	2	66	54	17	36	92	21	67	25	1	31	44	35	58	41	30	77
58	78	34	63	44	88	72	22	28	48	79	38	17	75	26	50	31	99	37	13	5	47	64	74	98	85	93	29	52	16	82	24	67	41	30	57	59	94	84	20	23	61	15	62	95	80	27	32	69	39	55	97	46	2	19	77	6	33	53	21	12	86	49	91	89	35	1	71	14	87	56	68	40	43	7	8	4	73	60	9	45	70	18	42	90	51	96	83	76	11	25	36	54	81	65	3	92	66	10	100
23	25	70	99	16	53	35	39	71	58	30	46	78	81	88	90	20	73	67	59	85	44	7	3	75	100	38	96	93	33	10	57	18	31	12	94	50	72	36	26	14	40	6	27	9	22	97	66	80	65	2	48	87	13	55	37	69	47	19	29	52	92	56	24	82	77	49	84	45	74	62	5	32	21	63	8	17	42	4	11	61	76	15	68	79	83	1	28	64	95	60	86	41	34	43	98	51	91	89	54
4	17	7	13	19	26	87	61	41	58	80	24	14	65	33	95	84	86	62	51	98	36	70	30	74	38	52	11	1	91	31	43	93	77	23	6	99	49	37	82	35	83	21	76	45	40	92	69	64	12	15	28	44	85	50	5	79	48	78	39	27	22	89	53	10	34	55	9	73	47	29	66	2	72	3	67	54	60	56	97	90	59	46	68	81	88	16	18	100	71	25	75	8	32	96	63	94	57	42	20
41	16	17	52	15	69	82	50	56	91	53	6	21	45	96	62	84	40	47	5	20	26	70	10	49	87	72	32	76	37	71	38	61	12	34	92	7	79	23	18	90	77	27	3	54	80	29	89	88	58	43	35	64	51	95	4	13	85	86	81	55	14	9	65	8	66	25	2	63	39	93	28	48	97	75	42	11	73	31	30	57	44	74	98	68	67	59	24	60	19	1	94	78	22	46	83	36	99	100	33
73	26	25	8	16	17	14	91	13	50	5	22	84	75	31	94	38	78	83	98	64	36	62	41	82	34	100	3	80	54	77	1	53	76	63	18	95	90	27	11	59	44	15	71	2	96	19	21	87	55	23	52	24	65	29	9	6	45	74	93	20	86	10	66	89	67	81	60	33	47	99	85	72	92	39	61	57	37	56	58	30	42	69	43	32	97	49	79	12	35	70	51	88	28	7	4	40	48	46	68
77	62	12	87	47	51	16	33	24	29	91	28	40	59	35	17	53	67	85	65	79	31	39	70	21	11	26	32	38	74	83	8	72	98	49	9	88	57	7	50	14	99	3	43	6	22	95	55	64	44	1	23	27	75	84	93	73	34	42	37	58	89	60	66	18	45	80	71	54	94	97	20	68	25	52	13	82	5	30	4	61	63	96	15	36	10	2	41	69	19	48	100	46	90	78	81	56	86	92	76
67	43	98	81	27	100	41	13	87	44	86	63	97	90	47	37	61	51	31	25	72	58	35	96	8	21	88	19	28	24	18	30	73	84	91	78	76	99	60	69	12	75	66	49	79	39	3	53	20	6	59	89	9	94	62	42	68	34	71	36	2	80	7	26	1	17	70	54	22	15	23	11	95	56	57	50	4	55	10	46	52	16	74	83	82	85	32	33	77	14	64	29	45	5	93	65	38	40	48	92
24	16	50	28	2	87	92	82	23	57	10	46	29	91	26	73	34	6	51	62	74	22	84	86	93	54	96	42	8	94	39	13	4	79	20	30	81	99	98	69	88	66	95	89	21	63	40	11	7	1	83	55	59	48	97	77	56	67	85	27	58	76	44	35	80	47	78	100	19	14	71	41	3	25	15	32	68	70	5	31	65	43	37	36	33	60	52	9	45	72	18	49	61	38	17	12	53	90	64	75
11	56	57	17	15	26	92	80	67	42	84	73	95	61	48	55	82	37	12	18	44	50	60	46	24	78	36	9	10	6	96	93	22	89	97	39	25	27	21	83	51	5	90	7	20	91	87	75	65	49	66	3	23	2	52	63	86	100	99	41	1	68	58	35	14	64	72	85	76	40	54	71	45	98	59	31	53	32	47	94	81	62	77	8	70	69	13	28	4	43	74	33	16	79	30	34	29	19	38	88
61	14	66	84	5	4	44	83	22	56	70	97	52	51	50	32	76	17	86	10	33	8	81	29	71	3	100	35	2	58	99	57	25	28	90	23	75	95	47	11	59	42	45	41	9	98	92	62	40	79	31	87	67	43	21	19	48	12	91	65	13	36	82	74	20	93	7	30	24	46	55	77	72	16	85	37	63	39	68	89	15	60	6	18	96	64	1	94	54	49	78	80	38	26	88	73	69	27	53	34
95	48	61	74	46	69	88	63	16	9	97	86	81	80	59	10	3	36	38	30	56	71	65	35	85	68	57	55	1	53	39	87	27	70	43	100	13	51	58	75	23	50	4	98	49	64	96	21	2	62	6	99	67	79	11	15	33	66	34	76	25	72	47	14	22	19	40	84	41	37	91	32	8	18	42	83	54	60	78	77	94	20	26	90	31	29	92	28	12	82	7	73	24	5	17	52	45	44	93	89
58	34	63	48	61	2	94	51	69	46	45	59	47	29	12	6	76	73	25	89	70	65	90	26	82	54	24	37	52	86	18	77	32	96	11	36	68	80	98	53	17	91	72	40	21	60	71	5	20	95	1	81	35	56	64	10	66	33	7	85	38	93	23	74	92	97	22	15	62	43	78	44	55	83	88	14	30	4	42	100	75	49	16	31	19	50	87	27	28	79	41	67	39	13	9	57	8	99	3	84
74	90	89	13	41	19	93	67	17	96	27	64	38	98	62	34	42	61	86	37	81	39	54	22	10	65	100	6	59	44	92	53	76	71	35	30	15	82	46	73	4	33	83	49	55	57	1	2	25	23	21	8	31	18	48	43	75	70	91	58	84	68	85	69	50	47	36	77	32	7	60	66	94	99	88	24	56	51	45	29	5	11	28	97	78	12	79	72	9	87	3	52	14	16	80	26	20	95	40	63
39	63	92	37	19	9	46	38	71	76	21	26	90	75	89	2	10	32	43	67	88	94	54	86	58	4	97	52	68	27	28	98	29	12	62	48	66	55	74	77	57	84	93	49	15	70	30	64	78	95	25	73	42	44	36	11	47	7	69	45	96	5	50	1	59	33	6	61	82	13	16	51	41	83	99	17	34	24	56	65	81	22	100	72	3	20	31	60	18	23	80	40	79	91	87	8	85	35	14	53
52	55	93	53	16	27	61	65	66	80	40	33	62	5	84	3	7	51	11	46	96	39	41	13	68	95	75	26	49	59	21	34	19	30	31	43	90	67	91	29	76	1	85	97	32	15	36	57	14	18	25	48	12	72	4	17	56	98	70	20	28	82	10	8	45	54	78	64	73	77	83	79	35	58	87	37	44	6	38	88	94	86	50	2	9	100	60	24	22	99	69	92	47	23	42	71	74	81	89	63
81	29	53	22	20	83	89	30	70	36	87	62	88	57	3	69	24	80	79	58	92	8	23	43	12	56	71	84	44	32	9	85	93	33	4	54	72	66	5	75	2	28	90	17	50	74	99	13	25	46	61	86	78	64	15	1	37	48	55	51	68	91	94	41	10	77	49	65	6	76	39	67	42	31	82	59	98	63	26	38	21	27	96	35	11	18	97	19	40	7	95	34	14	100	52	45	47	16	73	60
56	58	85	51	36	21	18	14	29	24	30	48	44	98	33	23	93	66	28	60	31	34	72	49	42	3	67	100	50	17	61	38	95	70	54	99	8	69	15	43	4	86	25	40	88	73	53	2	87	12	68	82	63	41	55	71	9	64	92	65	45	19	78	59	13	62	37	75	11	46	26	91	97	10	5	76	20	84	83	89	22	77	16	74	47	80	94	79	39	81	1	57	52	90	32	6	27	7	35	96
57	5	93	28	78	37	63	89	74	46	3	12	2	80	41	26	82	59	56	20	71	39	13	86	96	64	88	77	32	83	6	61	22	58	70	35	53	72	25	85	8	81	21	47	43	19	91	65	79	69	15	29	14	27	100	98	52	4	11	87	10	24	18	34	90	75	84	54	92	66	50	31	17	68	16	97	60	1	9	95	76	7	48	51	40	33	45	73	42	30	55	23	38	36	67	44	62	94	99	49
42	97	36	7	49	39	73	81	83	66	95	100	20	13	52	99	64	98	5	6	9	23	92	72	8	29	75	68	2	27	21	71	79	32	60	19	28	82	10	59	56	77	1	31	78	38	44	86	63	57	26	46	90	76	93	45	41	12	55	48	43	17	87	54	11	50	35	89	3	37	67	53	14	69	22	33	85	58	47	94	70	80	62	25	40	91	88	34	74	4	16	61	84	96	15	65	30	51	18	24
23	55	65	66	38	82	57	89	26	56	100	98	64	19	44	45	96	10	61	13	94	49	91	80	85	60	79	30	51	71	31	12	16	41	9	46	76	81	77	75	84	50	48	86	95	54	70	11	72	3	92	36	83	5	25	74	27	87	20	21	15	53	93	14	32	18	24	90	42	78	35	62	1	7	97	73	2	29	33	37	63	17	34	58	8	39	68	47	43	69	52	99	4	40	59	22	88	67	6	28
68	87	31	56	95	85	86	76	20	77	1	53	47	14	83	89	75	60	13	27	98	84	54	21	4	48	9	69	52	38	59	36	46	16	72	12	66	10	40	32	25	58	62	3	71	90	81	43	7	70	93	23	37	64	61	92	91	26	79	99	55	96	78	63	88	39	5	29	17	57	44	50	11	19	15	41	22	28	49	24	42	35	30	34	80	100	74	82	18	6	51	8	45	2	67	65	73	33	94	97
10	88	48	6	59	79	60	89	52	2	72	5	98	84	66	27	34	93	39	90	82	62	31	20	96	77	61	30	54	80	15	64	74	7	9	38	70	24	100	68	58	76	83	75	55	47	81	42	46	43	19	63	44	95	13	71	51	53	23	8	65	22	50	85	4	86	26	67	18	16	57	33	25	73	49	12	21	56	17	91	87	69	14	92	28	11	37	99	29	41	40	94	97	45	78	1	32	36	3	35
30	47	33	25	41	53	55	68	17	58	35	66	51	80	88	23	64	15	39	3	27	4	37	43	100	94	18	92	6	75	85	9	32	60	44	67	8	83	71	62	98	76	73	99	36	50	79	28	49	57	46	19	95	89	1	24	42	26	48	11	10	40	14	69	91	52	5	34	20	93	45	31	72	63	82	65	86	2	16	70	54	74	84	22	77	59	13	12	90	97	7	61	29	96	78	21	81	38	87	56
20	77	99	51	35	33	74	82	81	58	95	29	65	21	88	83	64	98	27	17	70	37	61	3	73	55	30	8	26	24	57	5	80	44	42	7	48	36	1	45	100	92	50	96	10	79	62	49	47	86	89	71	87	11	97	67	54	76	13	66	93	91	2	22	43	15	6	63	72	34	56	14	25	94	39	19	60	85	23	16	90	52	46	40	28	75	53	41	38	59	78	32	31	69	68	9	4	18	12	84
40	52	67	32	78	26	64	1	85	98	63	44	24	31	99	5	86	54	60	18	11	13	70	4	22	8	46	29	92	35	27	88	14	45	49	33	2	23	90	43	12	91	76	81	38	72	50	96	87	84	16	57	19	77	9	15	48	21	89	34	36	69	61	28	47	80	75	6	65	82	37	97	93	17	95	71	51	83	53	74	100	62	55	10	3	41	66	58	39	68	73	59	79	25	7	56	94	20	42	30
61	34	77	59	76	98	29	64	20	70	57	50	16	2	42	91	92	24	41	86	66	49	89	53	35	12	65	80	90	44	11	28	23	81	95	82	63	73	25	45	56	38	97	72	36	47	33	19	32	15	48	52	69	46	4	39	14	84	13	67	88	27	78	30	26	43	8	79	9	62	87	60	94	71	40	7	85	55	99	93	17	1	5	10	3	83	18	51	31	21	74	37	58	100	68	96	22	75	54	6
6	38	98	53	37	59	1	73	31	36	42	50	67	4	41	56	88	74	91	63	9	32	24	26	71	2	40	25	58	46	68	60	81	66	45	75	94	21	20	44	11	84	27	93	92	18	96	64	23	97	49	3	65	17	16	12	14	8	34	61	15	69	51	95	85	55	22	80	33	57	28	89	39	78	62	47	99	48	70	19	77	83	5	100	82	7	54	29	43	87	30	86	35	76	10	52	13	79	90	72
32	15	5	4	96	77	99	91	51	64	18	17	55	56	37	46	78	34	53	23	58	72	24	47	84	76	89	12	45	9	3	92	38	27	83	63	40	36	90	70	88	30	48	69	2	10	28	1	50	49	52	93	54	95	42	57	35	75	74	61	67	98	65	80	85	43	68	7	82	22	33	19	97	14	31	29	71	44	62	73	87	21	20	25	13	94	8	6	59	86	26	16	79	39	81	100	66	60	41	11
31	48	70	99	2	84	24	19	22	61	78	85	4	90	53	21	77	37	72	6	63	54	100	82	27	35	56	58	49	79	62	34	33	26	92	51	11	50	71	30	15	98	60	29	17	64	89	68	3	40	86	36	73	23	44	8	12	95	52	65	42	9	5	13	39	94	46	96	59	7	43	74	41	10	14	16	45	88	80	87	55	25	57	91	69	47	18	20	81	38	67	97	28	1	93	83	75	32	76	66
64	21	93	42	18	22	27	35	82	19	14	11	69	3	13	46	73	5	44	85	67	89	63	47	33	34	37	95	20	31	10	59	1	79	100	41	66	77	24	28	8	2	81	56	91	83	38	7	23	78	61	87	50	6	52	96	30	68	62	58	76	57	71	53	98	45	92	84	94	51	48	88	17	12	9	40	54	36	55	97	80	39	75	29	15	86	99	90	72	25	60	43	70	26	65	74	4	32	16	49
74	10	16	91	8	63	28	65	11	64	41	62	22	34	86	14	71	98	5	26	82	77	46	7	78	88	90	2	9	37	94	20	70	3	48	24	58	53	25	33	4	21	42	31	50	45	95	30	18	67	89	66	85	96	51	43	1	17	54	6	55	13	35	39	49	15	23	81	80	68	19	69	83	32	84	52	97	79	44	60	57	59	100	29	72	47	40	93	75	76	38	61	56	73	87	27	36	92	99	12
89	71	40	2	93	73	91	81	16	60	48	21	26	46	86	98	27	79	18	9	96	77	22	58	87	94	23	75	17	38	78	29	62	32	10	82	72	11	36	5	28	49	31	88	15	39	37	3	64	8	59	70	95	74	7	83	76	4	65	57	42	1	14	44	19	47	53	90	30	67	34	84	24	43	20	6	51	85	54	92	55	100	66	33	13	56	12	61	45	41	63	97	69	80	35	99	52	68	25	50
96	69	25	52	47	20	95	38	35	7	43	82	3	30	84	86	78	27	5	51	46	65	34	16	66	62	9	73	14	44	91	13	76	98	68	45	11	8	48	61	56	10	21	58	80	12	42	53	55	75	85	28	39	64	100	63	67	41	87	18	59	81	71	99	77	97	4	6	60	79	50	19	37	72	29	36	31	88	40	49	33	2	94	83	90	89	15	93	54	22	57	32	70	17	92	24	26	1	23	74
12	22	81	30	70	27	42	79	48	73	8	52	61	54	55	88	13	86	99	92	36	71	11	80	84	37	18	60	26	41	49	64	24	20	56	72	4	45	6	7	34	44	38	97	2	75	58	32	57	87	53	50	31	9	69	100	78	76	85	82	47	65	98	74	67	68	5	19	25	43	46	1	14	89	93	23	66	51	62	77	90	17	3	59	40	83	94	63	35	91	33	21	95	29	39	28	10	15	16	96
32	1	53	95	19	43	12	4	11	96	84	87	24	40	86	56	51	41	37	10	73	82	20	61	26	16	8	42	35	80	5	98	6	28	55	38	64	89	50	58	14	62	59	93	70	60	67	69	2	77	49	72	65	71	30	66	57	68	81	9	91	3	85	90	76	52	22	92	100	54	78	83	23	94	74	63	7	25	75	33	15	13	47	99	27	17	88	97	48	18	79	31	46	39	29	36	21	34	45	44
70	87	84	57	69	37	88	52	41	35	67	1	36	98	53	2	96	28	47	64	43	42	39	83	85	14	63	72	66	54	77	5	68	73	60	97	86	24	18	21	29	90	40	31	95	78	100	76	34	38	59	10	55	25	80	30	71	58	48	12	92	32	46	65	6	93	82	74	62	33	27	4	56	89	26	45	8	81	13	20	49	61	15	44	91	11	51	50	3	19	22	17	75	16	7	99	23	79	9	94
52	4	70	100	75	99	24	1	48	17	85	93	16	43	22	53	20	3	91	74	69	49	45	94	2	35	60	14	59	72	6	77	10	26	9	97	68	78	31	28	82	21	47	25	33	30	73	80	95	36	50	5	57	7	12	67	66	81	18	44	42	56	71	96	27	76	15	92	8	41	54	29	87	84	88	32	38	51	19	34	39	13	83	64	40	86	79	23	98	89	46	65	58	62	90	63	37	55	11	61
8	29	56	48	49	71	60	12	26	97	62	32	84	34	36	81	2	85	50	17	33	90	65	93	6	35	43	22	64	95	11	47	5	1	9	67	77	10	44	100	21	37	83	96	73	54	70	59	88	98	28	45	19	55	4	79	39	42	7	78	18	40	68	76	3	80	61	99	30	16	94	58	25	31	46	87	13	57	38	89	75	52	86	82	27	53	15	66	24	74	14	23	41	69	72	51	91	63	92	20
37	30	22	71	100	35	77	46	97	42	75	53	95	67	4	45	3	15	57	34	31	68	74	27	94	82	8	89	28	36	60	17	44	49	2	21	84	43	96	61	65	59	66	85	11	25	14	91	63	80	99	6	5	13	83	23	20	33	29	81	19	70	32	93	47	48	58	24	62	38	56	55	26	76	18	12	69	51	39	40	9	86	41	90	54	10	64	98	88	73	72	78	1	87	79	7	52	50	16	92
72	29	5	10	9	92	57	82	27	78	39	2	41	69	81	88	77	98	7	87	63	73	46	42	96	48	44	4	24	85	8	15	74	52	22	53	50	47	30	75	89	40	94	45	16	55	99	26	23	18	65	3	14	33	34	36	32	51	100	25	62	67	1	91	64	12	11	56	84	35	49	60	79	68	17	80	83	61	58	28	97	31	66	21	59	54	37	43	38	70	86	90	6	71	95	20	13	19	93	76
21	99	66	57	17	82	85	18	64	23	36	38	41	30	56	46	26	88	86	95	19	70	5	37	15	58	29	50	74	77	84	40	79	12	53	6	9	71	92	63	83	89	20	48	93	81	78	25	43	51	55	8	76	54	72	61	75	69	94	62	7	87	27	16	90	11	24	100	34	42	91	10	32	33	98	4	1	14	31	3	45	28	73	60	39	52	49	13	22	2	59	68	67	65	44	80	35	97	96	47
89	68	36	34	6	91	47	24	12	67	10	70	100	38	61	16	25	99	1	72	31	40	52	46	49	48	88	23	78	75	13	42	59	26	41	9	90	63	87	73	44	69	97	93	55	18	11	14	54	57	19	92	8	51	2	77	43	98	84	22	71	94	4	39	95	74	53	81	3	85	17	7	29	65	30	60	86	37	50	96	56	82	5	83	79	66	76	28	33	20	35	58	62	21	45	27	64	80	32	15
63	65	4	70	14	43	5	75	22	60	88	72	39	58	49	99	97	15	59	55	76	57	84	77	80	10	45	35	11	94	13	91	86	62	96	2	51	38	30	6	92	85	66	67	34	83	20	82	18	81	44	61	8	79	40	25	31	29	95	41	48	73	64	46	50	9	23	100	93	74	53	98	7	47	16	24	68	27	26	19	33	1	42	3	90	28	78	89	71	52	36	12	54	21	37	32	69	17	87	56
38	87	24	45	70	33	65	53	96	99	7	97	59	5	66	25	26	73	16	2	94	85	27	82	9	80	91	8	42	11	64	15	74	61	100	14	19	62	49	37	39	40	22	88	1	72	77	3	58	98	50	46	67	6	56	36	12	63	13	29	34	44	76	30	31	93	60	10	90	83	51	32	28	18	69	23	17	21	35	4	47	55	41	79	86	75	92	43	89	20	57	48	84	71	78	68	52	81	95	54
48	16	92	61	52	28	82	54	3	88	43	86	32	27	24	78	58	41	99	22	89	31	96	9	84	29	71	73	38	21	51	42	100	72	62	93	64	20	76	26	25	57	67	70	81	1	44	47	11	23	10	49	33	13	95	45	4	50	94	83	37	79	8	2	40	68	56	35	14	34	74	85	55	98	97	6	77	60	7	91	59	66	87	19	65	90	17	30	63	80	53	18	15	5	39	36	69	75	12	46
75	57	71	92	6	49	25	28	15	26	21	50	79	76	62	10	12	47	99	2	29	3	48	33	67	96	84	14	95	61	9	27	56	87	83	24	17	43	91	36	18	85	86	30	88	34	59	98	77	81	46	72	100	37	64	22	41	8	55	39	94	35	42	19	4	65	89	54	82	93	69	32	78	66	1	97	20	40	45	53	58	7	11	90	73	68	31	51	63	74	16	52	60	5	13	70	23	80	44	38
4	44	31	57	99	65	27	35	28	5	36	34	30	23	1	6	38	91	14	69	55	33	49	39	67	100	43	15	73	50	63	78	82	97	12	51	94	68	45	61	54	87	96	48	25	84	40	32	60	19	59	8	47	92	93	17	79	2	10	81	83	37	72	53	29	62	42	20	71	86	90	24	70	21	98	9	11	3	76	95	46	22	26	89	52	74	58	16	80	88	75	77	56	13	85	41	18	64	66	7
60	40	7	44	58	75	89	84	48	72	15	35	70	3	90	26	33	16	92	73	42	62	77	80	39	52	20	69	85	87	24	27	47	76	9	83	57	4	25	38	43	51	68	30	54	18	36	94	64	21	88	61	13	29	78	74	28	31	53	97	56	65	86	19	46	17	34	100	82	66	95	22	93	91	10	5	2	79	50	8	12	41	81	67	32	55	98	96	63	1	99	59	45	23	37	71	14	11	49	6
53	70	98	21	72	67	48	80	10	23	65	49	11	15	75	97	55	93	87	14	46	8	20	5	31	66	27	52	32	64	62	91	36	92	33	2	29	90	73	30	9	61	85	16	96	28	44	78	89	39	17	12	22	26	35	79	59	50	76	74	19	63	57	71	7	60	69	99	3	95	1	4	6	54	51	100	13	58	18	88	47	45	24	94	38	81	77	43	42	82	37	40	83	41	56	84	86	34	68	25
6	21	48	22	60	62	25	94	57	34	31	79	49	41	98	42	24	59	99	36	23	11	26	16	76	10	81	45	54	35	44	29	18	38	69	65	87	91	73	43	19	15	88	1	47	89	27	5	46	9	83	13	14	71	95	97	61	12	30	7	4	72	8	63	96	58	55	82	52	28	33	70	80	17	50	68	32	37	20	74	77	3	86	93	67	75	53	78	92	85	66	100	51	40	39	64	2	90	56	84
16	100	63	96	65	66	23	76	51	67	45	5	55	42	74	91	9	79	19	44	27	72	70	33	80	60	43	48	11	69	37	47	25	78	38	99	75	68	30	73	41	82	59	53	1	98	32	15	88	14	6	39	49	12	34	57	7	95	4	35	94	28	71	83	85	81	89	18	93	46	40	20	58	86	10	54	2	17	3	36	56	97	84	24	90	8	62	64	61	87	22	13	31	52	26	50	77	92	21	29
89	72	27	8	98	13	69	90	21	78	62	79	19	30	60	11	76	82	54	52	77	91	84	55	80	36	56	17	46	37	38	7	29	42	51	73	81	15	20	43	1	35	58	6	24	64	14	41	99	25	97	65	3	48	93	87	44	61	9	34	33	10	31	22	49	94	5	40	66	92	4	39	50	23	28	2	100	32	53	75	18	68	86	83	59	45	95	63	85	16	96	57	88	74	26	47	67	70	71	12
13	14	89	20	68	23	46	61	63	57	74	28	8	24	19	51	93	50	44	79	40	21	96	22	36	39	76	92	5	3	81	43	25	48	54	67	86	52	26	53	82	85	45	83	66	34	60	73	78	99	37	75	71	4	17	30	87	15	55	9	10	69	38	2	77	70	7	33	98	72	12	56	49	47	95	91	64	35	58	100	18	11	84	42	88	41	32	62	90	1	59	65	16	31	97	27	29	94	80	6
2	19	80	63	59	49	42	93	58	10	31	35	88	98	21	70	94	12	90	7	61	91	48	96	57	36	34	23	65	89	69	72	52	40	82	1	74	75	11	99	85	68	95	38	47	86	5	50	73	46	6	81	78	30	84	14	44	37	20	26	8	18	4	25	41	66	15	45	76	54	53	29	16	67	77	100	83	9	13	64	24	62	22	56	33	17	32	51	60	43	87	28	39	97	27	92	79	55	3	71
31	4	94	52	75	35	49	28	85	30	61	60	71	27	5	88	22	96	17	24	26	15	72	18	64	48	99	16	95	38	34	84	73	54	13	32	53	63	29	9	45	10	97	21	82	14	86	62	25	76	80	42	67	44	70	65	92	3	33	81	51	68	56	58	6	2	87	100	79	74	12	50	98	36	47	11	40	90	43	8	66	46	59	57	20	39	69	89	78	77	7	19	1	37	91	55	41	23	83	93
72	61	22	63	77	62	16	30	59	53	36	5	20	34	44	12	51	27	91	11	46	73	75	7	88	93	42	15	64	82	68	79	10	58	56	67	55	23	84	18	97	54	80	83	74	71	29	89	43	26	35	9	25	60	65	8	21	90	13	92	17	14	66	49	48	86	2	98	32	47	28	3	39	95	33	57	19	99	4	31	70	81	96	37	45	40	52	87	1	94	69	38	100	41	50	76	85	6	78	24
85	66	5	91	26	19	67	11	34	12	42	75	96	33	81	8	65	21	47	55	49	98	37	54	90	68	94	36	93	10	25	77	58	82	32	89	62	88	40	23	2	60	99	9	30	78	1	61	83	27	84	14	92	69	64	71	51	73	70	38	16	44	80	22	13	7	46	41	4	35	29	57	24	97	45	18	53	100	15	52	76	50	87	79	28	59	20	17	43	95	31	74	63	3	56	39	86	72	6	48
34	28	16	79	62	12	1	22	54	75	49	38	20	2	69	7	71	43	10	70	56	52	66	46	95	97	31	58	6	44	8	45	92	78	51	29	13	65	82	68	91	33	40	53	94	23	85	5	61	3	4	15	67	17	100	50	96	35	21	27	57	18	86	60	14	25	47	48	32	55	80	59	63	37	74	90	26	42	39	72	36	30	24	89	93	98	19	81	77	9	41	99	64	73	11	88	87	84	76	83
69	9	73	83	72	52	88	38	90	76	60	1	46	62	36	80	24	98	4	75	15	94	70	3	85	5	28	10	43	71	44	54	29	74	55	99	87	47	58	6	51	59	41	48	12	89	77	16	66	27	53	95	40	23	17	84	68	97	81	18	42	56	32	21	86	13	63	37	8	31	82	14	100	50	67	65	96	26	19	11	61	33	39	64	2	91	7	78	45	35	57	93	34	30	49	20	25	92	22	79
73	62	66	70	29	58	48	10	96	30	81	80	36	39	27	42	63	35	83	28	97	13	18	14	23	37	94	79	34	98	52	67	71	4	84	41	76	43	5	87	95	89	90	9	60	22	53	57	21	8	55	24	64	7	74	78	92	49	15	40	69	61	56	68	17	100	1	11	91	50	54	38	47	77	19	3	45	86	59	16	46	85	72	88	20	12	75	65	6	82	26	99	93	32	44	33	31	25	51	2
36	35	91	1	40	12	96	31	75	10	46	82	87	63	2	56	30	89	70	13	7	94	42	81	78	59	88	66	45	99	86	4	44	69	51	90	95	9	3	62	72	61	24	80	64	41	84	77	52	97	25	23	68	49	22	48	18	79	15	38	28	33	26	5	65	85	67	74	92	29	71	60	100	93	83	27	98	76	6	55	14	43	54	34	57	20	21	58	17	16	47	50	19	8	53	73	37	11	32	39
62	43	40	95	16	20	65	48	57	32	42	52	5	73	66	85	83	54	14	71	76	70	58	59	7	9	86	79	98	88	6	56	82	35	87	41	12	68	23	50	69	19	13	26	90	100	75	78	11	27	29	51	24	74	22	61	28	15	34	2	91	46	33	49	44	81	1	21	17	77	96	45	30	3	67	93	72	92	10	18	36	37	47	99	63	64	8	84	55	60	4	39	94	97	80	53	38	31	25	89
49	9	56	34	60	52	65	44	41	27	1	67	26	45	18	16	28	90	93	69	13	61	59	5	14	74	38	17	37	89	79	57	53	99	92	95	58	6	94	2	85	50	15	40	24	31	22	21	75	81	25	23	33	30	62	43	63	76	19	32	98	20	3	88	87	7	42	12	100	46	51	96	55	91	48	64	47	70	97	11	8	80	77	86	71	10	78	82	35	36	29	84	68	66	4	54	83	39	73	72
39	72	55	70	9	60	78	79	8	44	32	62	40	89	25	80	88	73	91	26	64	3	59	63	51	38	41	65	85	4	30	10	17	5	50	94	2	52	45	19	12	61	37	53	27	34	6	95	90	49	31	47	14	23	69	22	87	74	99	97	42	16	67	71	36	48	58	93	57	68	21	46	76	18	43	75	11	35	82	84	86	29	33	24	56	28	98	15	54	96	77	13	20	100	81	7	1	92	66	83
67	65	99	8	74	100	94	91	57	93	5	45	75	69	24	47	3	98	23	19	10	16	61	42	14	7	78	36	56	30	60	64	48	83	12	41	72	40	77	33	89	39	70	22	51	84	43	37	6	1	68	53	15	25	87	97	59	9	29	96	88	49	71	17	28	62	13	27	79	92	18	50	95	31	32	82	34	81	4	58	46	90	73	44	80	52	11	38	55	21	76	20	35	66	86	26	2	63	85	54
15	73	36	49	51	66	37	94	84	82	35	96	97	25	30	65	43	80	1	27	19	89	16	69	7	63	56	75	11	52	22	48	87	100	77	79	88	60	29	32	45	13	91	50	34	53	2	18	55	78	39	95	24	59	41	71	62	40	90	38	74	12	4	46	85	31	9	26	81	68	21	42	28	93	17	33	99	57	76	10	58	23	98	3	54	6	83	5	47	20	61	14	86	8	44	67	72	70	64	92
24	91	6	36	89	68	29	8	37	26	9	50	20	63	21	97	15	42	44	40	34	19	84	75	55	61	59	81	18	77	23	52	78	67	51	28	1	71	2	90	22	53	10	35	38	85	4	83	12	16	94	11	93	49	70	95	31	66	45	3	72	69	41	88	58	5	62	32	74	27	82	43	13	39	14	60	48	17	56	92	30	57	86	98	76	100	79	46	96	73	65	33	80	25	99	7	64	87	47	54
68	76	5	56	60	31	12	77	100	88	64	65	72	85	49	75	89	62	3	53	40	21	63	83	66	43	54	18	59	24	44	95	79	34	71	20	45	23	52	33	14	84	27	82	50	30	98	90	28	67	41	8	35	78	9	15	57	46	97	70	37	74	81	80	13	19	26	94	51	25	92	10	17	11	93	32	61	99	4	36	87	48	1	6	55	16	29	86	47	38	42	58	39	73	96	91	69	22	2	7
100	17	85	56	80	20	58	65	97	39	84	76	98	70	54	26	23	92	48	45	35	31	61	3	77	8	11	52	13	73	51	25	28	7	86	29	18	91	81	53	67	14	40	50	83	1	46	27	96	42	5	82	38	89	33	49	95	21	15	24	12	66	74	99	37	6	47	88	78	10	59	57	22	87	68	71	69	9	43	30	93	16	32	36	90	62	79	4	72	44	34	19	2	55	41	60	75	64	94	63
26	27	1	21	50	32	13	18	58	70	89	2	14	97	93	71	51	73	39	72	11	68	24	61	91	62	48	69	81	16	43	37	74	96	56	15	20	64	80	54	99	83	63	78	19	25	75	22	38	100	5	44	29	45	66	57	33	55	65	31	10	90	77	60	23	86	7	95	9	40	34	49	79	98	85	59	46	6	17	30	67	92	82	52	4	41	36	53	12	76	87	88	94	47	28	3	8	35	42	84
45	34	35	100	2	82	13	99	21	24	88	57	16	54	19	78	72	97	98	83	95	65	63	68	79	69	6	39	59	89	75	71	38	87	70	5	41	37	53	40	27	61	52	30	3	25	84	66	67	1	43	33	42	15	90	60	32	74	80	14	86	51	64	4	28	29	81	58	55	7	48	85	31	76	8	11	50	44	26	18	73	10	12	56	91	94	77	46	17	62	22	92	93	20	49	23	96	9	47	36
60	30	14	68	5	84	53	31	11	99	78	88	86	40	90	15	52	6	7	10	1	69	74	41	80	61	37	17	73	9	47	77	81	35	95	54	45	33	58	42	29	4	96	36	85	55	23	12	49	64	79	93	3	66	18	26	65	63	97	20	21	87	76	16	91	25	22	19	92	62	38	57	75	94	89	44	50	39	46	59	2	13	82	27	51	8	67	83	71	34	72	100	43	28	24	32	48	70	98	56
20	80	55	56	87	12	93	34	67	10	74	75	88	18	90	30	62	44	60	86	32	38	73	89	41	7	59	57	21	40	81	100	99	19	52	68	17	28	72	13	23	71	39	51	64	63	11	35	84	29	95	91	1	96	98	6	83	85	61	37	76	66	31	3	78	46	33	82	54	5	24	53	14	43	42	94	15	48	4	70	36	22	50	77	49	2	47	45	69	65	26	25	79	92	8	16	9	58	97	27
49	96	17	42	67	72	57	71	62	90	60	35	48	81	100	19	73	69	91	14	46	93	44	54	50	84	1	89	15	22	88	82	79	61	20	5	3	28	33	80	26	95	32	41	94	76	40	2	29	55	8	56	25	86	77	7	87	4	75	97	37	27	98	30	65	78	34	18	74	45	92	21	16	66	53	11	70	31	38	39	51	24	52	36	23	58	59	47	83	12	68	6	64	99	10	43	9	85	63	13
59	45	84	37	16	69	94	74	43	22	66	33	29	48	36	42	67	62	64	99	60	54	21	80	13	9	100	28	82	39	24	83	17	72	97	18	27	88	71	90	25	61	55	78	11	8	12	86	49	65	56	31	4	46	26	89	87	40	51	15	53	95	85	92	14	93	3	50	19	75	41	10	47	63	44	73	58	34	20	38	57	2	35	5	7	23	1	77	52	32	81	96	6	76	30	98	91	70	79	68
43	16	86	40	49	62	14	13	69	10	76	82	2	21	77	89	80	74	50	79	15	83	37	52	100	47	12	6	24	9	29	19	68	38	84	56	4	18	39	22	73	7	58	72	75	36	64	65	26	99	88	55	71	31	53	92	78	67	41	54	42	45	35	11	46	81	27	95	5	30	3	85	90	60	17	61	33	34	1	98	28	23	59	8	57	63	91	48	20	44	51	97	70	25	87	96	93	66	94	32
47	7	48	8	92	3	82	53	88	44	4	16	100	38	35	80	24	90	98	61	99	2	19	5	85	66	22	46	13	79	25	55	51	76	72	77	21	54	32	57	91	10	73	26	74	11	97	87	49	56	75	37	45	71	29	9	65	60	58	81	59	23	78	17	1	69	33	42	86	39	95	94	28	63	96	15	20	14	70	93	31	40	84	43	68	30	67	27	36	62	89	50	64	83	52	41	6	34	12	18
55	92	84	39	75	79	41	51	83	46	15	11	58	37	76	57	45	64	89	16	33	7	28	90	20	96	36	60	29	73	5	80	38	8	4	72	42	68	44	61	54	85	93	56	95	34	21	63	22	59	81	62	14	53	78	25	97	31	19	49	94	1	65	17	91	13	32	6	2	23	77	88	24	50	43	9	69	18	74	10	35	98	66	82	52	100	70	87	86	47	27	99	30	71	12	3	67	26	40	48
18	75	15	48	5	6	2	9	80	69	79	76	53	64	100	39	54	7	71	55	94	33	56	93	34	4	47	77	14	1	83	67	37	3	91	78	87	32	81	90	49	62	8	96	42	85	92	27	21	63	36	26	46	86	61	11	65	52	60	28	24	35	70	30	31	74	50	68	97	98	82	10	72	41	19	22	66	58	16	88	17	51	99	25	43	57	23	40	44	29	59	84	38	89	13	12	95	20	73	45
25	39	26	57	29	70	49	16	84	2	88	19	31	36	99	27	79	14	35	3	92	63	22	76	13	17	11	59	52	67	18	50	73	1	86	5	55	58	95	77	91	40	38	87	54	33	28	32	96	62	41	90	53	21	7	82	6	60	78	37	75	71	30	69	65	81	100	85	94	45	46	23	74	34	15	61	97	56	9	12	98	47	8	72	80	42	66	44	20	93	83	48	4	24	51	43	89	68	10	64
80	77	21	55	54	65	67	34	98	12	39	43	74	19	8	44	58	83	7	69	73	86	91	93	25	11	3	17	63	97	56	47	61	40	81	10	85	6	32	57	36	76	96	71	13	68	27	99	100	24	9	48	4	15	31	1	29	33	95	37	23	18	70	72	53	45	51	90	22	66	41	75	89	78	59	35	5	94	16	62	79	82	30	2	50	26	49	46	20	84	92	52	38	88	14	64	87	28	60	42
65	18	63	46	50	21	24	40	47	39	70	29	95	3	89	83	7	15	77	94	43	61	53	58	36	62	86	66	1	5	52	91	59	31	11	69	44	99	87	35	97	92	33	37	30	68	41	27	55	78	81	20	72	71	23	13	75	49	14	67	42	82	79	60	80	28	96	6	10	32	2	16	38	51	64	98	8	100	88	84	74	34	48	57	76	45	85	90	4	25	22	93	9	12	19	54	26	73	56	17
5	27	54	19	92	99	86	90	39	30	32	59	70	28	47	2	34	65	57	96	10	29	68	35	56	46	82	83	38	22	98	89	67	91	18	49	3	53	69	44	94	24	63	41	48	58	73	64	77	75	15	4	81	79	14	13	51	43	40	88	20	33	9	45	12	71	8	97	6	31	42	7	36	17	84	66	50	21	26	1	25	85	93	37	72	62	100	16	52	78	76	95	80	61	55	23	87	11	74	60
100	73	79	60	17	30	20	36	54	52	86	13	82	40	77	35	51	41	37	65	89	18	50	62	78	4	9	38	29	33	91	32	12	68	94	80	70	6	97	14	26	3	27	57	63	39	53	48	76	56	19	5	15	72	61	31	71	1	43	49	98	44	59	23	21	84	99	8	90	83	28	74	2	75	45	95	92	47	24	7	16	10	42	93	85	81	66	67	46	25	96	22	88	64	58	69	87	11	55	34
65	51	100	95	89	6	41	76	47	10	32	18	7	46	87	39	98	60	21	34	58	13	45	90	38	83	71	16	12	63	80	37	35	81	14	78	94	52	4	17	72	96	48	85	36	11	19	57	93	88	50	86	44	5	79	53	24	30	91	84	56	42	22	74	25	82	59	40	2	92	33	69	97	68	28	9	77	43	29	67	26	66	62	61	99	27	73	31	70	1	8	20	64	23	15	54	49	3	75	55
80	53	79	90	76	95	51	22	24	87	11	61	39	29	58	100	3	35	73	84	41	78	20	91	64	43	93	8	25	5	48	77	14	81	4	16	34	69	2	56	30	85	6	28	33	12	26	72	75	96	59	83	10	62	49	71	65	94	74	46	60	89	97	82	37	52	44	27	38	70	50	17	86	45	9	88	19	57	54	32	36	15	21	42	31	67	66	99	1	92	47	23	55	63	40	98	18	13	7	68
96	13	54	72	90	60	27	33	30	28	35	58	14	26	78	68	16	100	6	93	67	31	79	41	7	17	77	76	48	11	99	84	32	50	43	88	5	15	49	1	20	4	73	85	47	56	89	10	19	52	55	83	74	38	53	12	97	94	40	23	81	2	46	63	18	70	69	59	57	44	21	86	24	34	25	37	80	29	22	45	42	65	9	66	36	3	82	71	64	91	98	92	87	61	39	51	8	95	62	75
58	77	2	73	76	97	3	47	39	54	55	21	53	18	46	30	100	9	37	84	72	48	19	23	68	88	27	69	35	65	61	24	1	5	71	26	50	38	12	15	93	45	59	41	60	89	25	32	52	16	94	20	14	78	67	87	85	31	82	63	7	66	29	4	57	70	8	91	28	42	6	11	49	74	98	51	40	43	10	56	75	92	36	95	22	86	99	80	34	83	81	96	33	44	17	90	64	13	62	79
9	73	31	65	60	39	55	38	22	11	1	2	93	61	59	92	74	87	56	32	3	27	67	19	88	21	23	41	78	16	25	96	48	79	40	36	46	95	71	97	26	6	18	77	54	70	45	66	94	72	24	8	100	14	83	52	5	90	98	89	63	51	75	34	57	10	7	37	12	49	20	99	28	43	4	85	13	68	35	69	29	81	91	82	58	64	47	30	86	80	76	33	42	17	44	15	84	50	53	62
100	15	2	77	84	80	47	69	87	58	96	68	17	40	14	30	93	49	45	38	64	24	76	11	67	46	3	53	85	56	92	25	83	8	50	75	60	57	63	26	19	10	99	44	23	16	41	94	21	18	91	65	34	86	88	48	90	62	37	43	33	28	1	98	31	5	61	29	36	39	27	9	51	13	71	70	82	32	4	59	95	89	81	52	42	20	66	12	78	73	55	79	7	6	54	74	72	22	97	35
35	31	39	21	68	4	29	44	65	50	36	80	22	38	24	12	42	83	28	89	87	94	92	11	18	64	10	6	62	60	90	3	71	46	20	98	55	19	1	79	100	17	16	51	45	5	37	52	25	54	76	85	58	66	70	81	48	59	7	75	14	72	96	82	63	77	67	88	49	2	91	73	97	26	84	86	74	8	9	99	34	56	93	69	15	33	41	23	43	78	27	95	32	30	61	53	57	40	13	47
88	37	25	71	58	30	67	70	64	83	51	5	32	56	43	69	82	57	62	74	99	38	22	49	92	77	95	42	81	79	4	47	7	31	48	34	46	53	12	72	80	35	97	98	9	76	20	14	61	85	60	84	68	87	75	94	93	100	96	21	27	3	86	91	29	18	59	28	52	11	63	39	78	2	6	23	15	10	41	19	16	13	36	44	65	45	73	17	33	50	8	54	1	66	89	26	55	90	24	40
46	34	25	100	32	52	48	21	61	28	98	75	66	68	67	82	92	18	96	31	22	80	39	2	79	60	30	40	8	94	57	85	58	64	49	77	74	35	11	17	97	26	69	73	50	36	38	45	12	9	43	55	6	71	47	88	99	24	1	19	81	90	86	76	23	72	65	54	78	95	33	37	62	44	59	4	83	20	14	7	15	3	56	93	41	89	53	29	87	42	13	5	91	51	10	27	63	84	70	16
